Fracture Radii List Before Isolated Fracture and Cluster Removal (Family 3)
Format: xRadius yRadius Distrubution# (-1 = userRectangle, 0 = userEllipse, > 0 is family in order of famProb)
8.95624 8.95624 3
7.95354 7.95354 3
7.00055 7.00055 3
6.91741 6.91741 3
6.2652 6.2652 3
6.12684 6.12684 3
6.12024 6.12024 3
6.11293 6.11293 3
5.592 5.592 3
5.58045 5.58045 3
5.47754 5.47754 3
5.25795 5.25795 3
5.22828 5.22828 3
5.1791 5.1791 3
5.11444 5.11444 3
5.02504 5.02504 3
4.98254 4.98254 3
4.89702 4.89702 3
4.87197 4.87197 3
4.86634 4.86634 3
4.76213 4.76213 3
4.75368 4.75368 3
4.61774 4.61774 3
4.36227 4.36227 3
4.19685 4.19685 3
4.05471 4.05471 3
3.86165 3.86165 3
3.76357 3.76357 3
3.67701 3.67701 3
3.67475 3.67475 3
3.64802 3.64802 3
3.6053 3.6053 3
3.55489 3.55489 3
3.51001 3.51001 3
3.50998 3.50998 3
3.4678 3.4678 3
3.35052 3.35052 3
3.34161 3.34161 3
3.33961 3.33961 3
3.32306 3.32306 3
3.29771 3.29771 3
3.2773 3.2773 3
3.20995 3.20995 3
3.15509 3.15509 3
3.12415 3.12415 3
3.06024 3.06024 3
3.00099 3.00099 3
2.96325 2.96325 3
2.95862 2.95862 3
2.88959 2.88959 3
2.87302 2.87302 3
2.85453 2.85453 3
2.84173 2.84173 3
2.79577 2.79577 3
2.76492 2.76492 3
2.71072 2.71072 3
2.71046 2.71046 3
2.6951 2.6951 3
2.68386 2.68386 3
2.63718 2.63718 3
2.63584 2.63584 3
2.62012 2.62012 3
2.60768 2.60768 3
2.59439 2.59439 3
2.59222 2.59222 3
2.58436 2.58436 3
2.55929 2.55929 3
2.54523 2.54523 3
2.47325 2.47325 3
2.46095 2.46095 3
2.46009 2.46009 3
2.44233 2.44233 3
2.41986 2.41986 3
2.40077 2.40077 3
2.37097 2.37097 3
2.36648 2.36648 3
2.35948 2.35948 3
2.35573 2.35573 3
2.34501 2.34501 3
2.3271 2.3271 3
2.32027 2.32027 3
2.30827 2.30827 3
2.2854 2.2854 3
2.2748 2.2748 3
2.26645 2.26645 3
2.26246 2.26246 3
2.26179 2.26179 3
2.25318 2.25318 3
2.24049 2.24049 3
2.21028 2.21028 3
2.19524 2.19524 3
2.18538 2.18538 3
2.18439 2.18439 3
2.18262 2.18262 3
2.17206 2.17206 3
2.16114 2.16114 3
2.15717 2.15717 3
2.13888 2.13888 3
2.12935 2.12935 3
2.11967 2.11967 3
2.1182 2.1182 3
2.11576 2.11576 3
2.10475 2.10475 3
2.09734 2.09734 3
2.07589 2.07589 3
2.05339 2.05339 3
2.04658 2.04658 3
2.04427 2.04427 3
2.03698 2.03698 3
2.02736 2.02736 3
2.01398 2.01398 3
2.00593 2.00593 3
2.00465 2.00465 3
1.99977 1.99977 3
1.99085 1.99085 3
1.97318 1.97318 3
1.97288 1.97288 3
1.96959 1.96959 3
1.96171 1.96171 3
1.95398 1.95398 3
1.94142 1.94142 3
1.9413 1.9413 3
1.93486 1.93486 3
1.93458 1.93458 3
1.93273 1.93273 3
1.93217 1.93217 3
1.92391 1.92391 3
1.92338 1.92338 3
1.92338 1.92338 3
1.90843 1.90843 3
1.89809 1.89809 3
1.878 1.878 3
1.87789 1.87789 3
1.87586 1.87586 3
1.86752 1.86752 3
1.86382 1.86382 3
1.85805 1.85805 3
1.85786 1.85786 3
1.85184 1.85184 3
1.84489 1.84489 3
1.83985 1.83985 3
1.83889 1.83889 3
1.82613 1.82613 3
1.82405 1.82405 3
1.81973 1.81973 3
1.80948 1.80948 3
1.80763 1.80763 3
1.80002 1.80002 3
1.78303 1.78303 3
1.78211 1.78211 3
1.77896 1.77896 3
1.7741 1.7741 3
1.76219 1.76219 3
1.75268 1.75268 3
1.74927 1.74927 3
1.74779 1.74779 3
1.74721 1.74721 3
1.74189 1.74189 3
1.74135 1.74135 3
1.73652 1.73652 3
1.72997 1.72997 3
1.72685 1.72685 3
1.72425 1.72425 3
1.72069 1.72069 3
1.71998 1.71998 3
1.71298 1.71298 3
1.70556 1.70556 3
1.70293 1.70293 3
1.70208 1.70208 3
1.69807 1.69807 3
1.69388 1.69388 3
1.69001 1.69001 3
1.68349 1.68349 3
1.68123 1.68123 3
1.67967 1.67967 3
1.67953 1.67953 3
1.67843 1.67843 3
1.67278 1.67278 3
1.67122 1.67122 3
1.66912 1.66912 3
1.66101 1.66101 3
1.65867 1.65867 3
1.65865 1.65865 3
1.65736 1.65736 3
1.65388 1.65388 3
1.64332 1.64332 3
1.6399 1.6399 3
1.6368 1.6368 3
1.6356 1.6356 3
1.63359 1.63359 3
1.62537 1.62537 3
1.61831 1.61831 3
1.61657 1.61657 3
1.61497 1.61497 3
1.61327 1.61327 3
1.60654 1.60654 3
1.60129 1.60129 3
1.59684 1.59684 3
1.59435 1.59435 3
1.59392 1.59392 3
1.5913 1.5913 3
1.58606 1.58606 3
1.58416 1.58416 3
1.58224 1.58224 3
1.57274 1.57274 3
1.56574 1.56574 3
1.56404 1.56404 3
1.55632 1.55632 3
1.55572 1.55572 3
1.55448 1.55448 3
1.55055 1.55055 3
1.54995 1.54995 3
1.54748 1.54748 3
1.54683 1.54683 3
1.54537 1.54537 3
1.54536 1.54536 3
1.53497 1.53497 3
1.52701 1.52701 3
1.52276 1.52276 3
1.52228 1.52228 3
1.51644 1.51644 3
1.5094 1.5094 3
1.50781 1.50781 3
1.50435 1.50435 3
1.50233 1.50233 3
1.50038 1.50038 3
1.49942 1.49942 3
1.49895 1.49895 3
1.49388 1.49388 3
1.48926 1.48926 3
1.48621 1.48621 3
1.48579 1.48579 3
1.48523 1.48523 3
1.48113 1.48113 3
1.47542 1.47542 3
1.47344 1.47344 3
1.47141 1.47141 3
1.47137 1.47137 3
1.47116 1.47116 3
1.46585 1.46585 3
1.46329 1.46329 3
1.46277 1.46277 3
1.45368 1.45368 3
1.45349 1.45349 3
1.45106 1.45106 3
1.4485 1.4485 3
1.44591 1.44591 3
1.44283 1.44283 3
1.44108 1.44108 3
1.44087 1.44087 3
1.43478 1.43478 3
1.43206 1.43206 3
1.42297 1.42297 3
1.4216 1.4216 3
1.42005 1.42005 3
1.41878 1.41878 3
1.41747 1.41747 3
1.41406 1.41406 3
1.41329 1.41329 3
1.41288 1.41288 3
1.4127 1.4127 3
1.40874 1.40874 3
1.40855 1.40855 3
1.4058 1.4058 3
1.39986 1.39986 3
1.39799 1.39799 3
1.38346 1.38346 3
1.38292 1.38292 3
1.37381 1.37381 3
1.37292 1.37292 3
1.3727 1.3727 3
1.37221 1.37221 3
1.36754 1.36754 3
1.36506 1.36506 3
1.36366 1.36366 3
1.36249 1.36249 3
1.36038 1.36038 3
1.35812 1.35812 3
1.35804 1.35804 3
1.35741 1.35741 3
1.35707 1.35707 3
1.35518 1.35518 3
1.35363 1.35363 3
1.34926 1.34926 3
1.34582 1.34582 3
1.34527 1.34527 3
1.33518 1.33518 3
1.33478 1.33478 3
1.33353 1.33353 3
1.33281 1.33281 3
1.3288 1.3288 3
1.32819 1.32819 3
1.32815 1.32815 3
1.32797 1.32797 3
1.32512 1.32512 3
1.32266 1.32266 3
1.32034 1.32034 3
1.31949 1.31949 3
1.3193 1.3193 3
1.31576 1.31576 3
1.31413 1.31413 3
1.31281 1.31281 3
1.31012 1.31012 3
1.30735 1.30735 3
1.30723 1.30723 3
1.29906 1.29906 3
1.29741 1.29741 3
1.29653 1.29653 3
1.29351 1.29351 3
1.28914 1.28914 3
1.28818 1.28818 3
1.28554 1.28554 3
1.2855 1.2855 3
1.28482 1.28482 3
1.28403 1.28403 3
1.28388 1.28388 3
1.28078 1.28078 3
1.27777 1.27777 3
1.27615 1.27615 3
1.27443 1.27443 3
1.27391 1.27391 3
1.27213 1.27213 3
1.27165 1.27165 3
1.27049 1.27049 3
1.26856 1.26856 3
1.26679 1.26679 3
1.26334 1.26334 3
1.26102 1.26102 3
1.25857 1.25857 3
1.25847 1.25847 3
1.25688 1.25688 3
1.25491 1.25491 3
1.25375 1.25375 3
1.25341 1.25341 3
1.25284 1.25284 3
1.252 1.252 3
1.25043 1.25043 3
1.24908 1.24908 3
1.24808 1.24808 3
1.24687 1.24687 3
1.24544 1.24544 3
1.24078 1.24078 3
1.23907 1.23907 3
1.23878 1.23878 3
1.23836 1.23836 3
1.23724 1.23724 3
1.23599 1.23599 3
1.23506 1.23506 3
1.22909 1.22909 3
1.22776 1.22776 3
1.22545 1.22545 3
1.22185 1.22185 3
1.22016 1.22016 3
1.21442 1.21442 3
1.21259 1.21259 3
1.2124 1.2124 3
1.2111 1.2111 3
1.2066 1.2066 3
1.20554 1.20554 3
1.2053 1.2053 3
1.20105 1.20105 3
1.20004 1.20004 3
1.19964 1.19964 3
1.19865 1.19865 3
1.19549 1.19549 3
1.19506 1.19506 3
1.19396 1.19396 3
1.19385 1.19385 3
1.19253 1.19253 3
1.19246 1.19246 3
1.19117 1.19117 3
1.18779 1.18779 3
1.18696 1.18696 3
1.18679 1.18679 3
1.18668 1.18668 3
1.18254 1.18254 3
1.18251 1.18251 3
1.18235 1.18235 3
1.18178 1.18178 3
1.18151 1.18151 3
1.18036 1.18036 3
1.17963 1.17963 3
1.17878 1.17878 3
1.1769 1.1769 3
1.17531 1.17531 3
1.17424 1.17424 3
1.17288 1.17288 3
1.17263 1.17263 3
1.17225 1.17225 3
1.17222 1.17222 3
1.17211 1.17211 3
1.17008 1.17008 3
1.16971 1.16971 3
1.16922 1.16922 3
1.16767 1.16767 3
1.16737 1.16737 3
1.16558 1.16558 3
1.16416 1.16416 3
1.16374 1.16374 3
1.16315 1.16315 3
1.15902 1.15902 3
1.15849 1.15849 3
1.15794 1.15794 3
1.15601 1.15601 3
1.15486 1.15486 3
1.15467 1.15467 3
1.15439 1.15439 3
1.15423 1.15423 3
1.15214 1.15214 3
1.15192 1.15192 3
1.15023 1.15023 3
1.14928 1.14928 3
1.14593 1.14593 3
1.14589 1.14589 3
1.1448 1.1448 3
1.14438 1.14438 3
1.13998 1.13998 3
1.13978 1.13978 3
1.1378 1.1378 3
1.13684 1.13684 3
1.13593 1.13593 3
1.13568 1.13568 3
1.13089 1.13089 3
1.12857 1.12857 3
1.12804 1.12804 3
1.12786 1.12786 3
1.12746 1.12746 3
1.12609 1.12609 3
1.12508 1.12508 3
1.12475 1.12475 3
1.12429 1.12429 3
1.12387 1.12387 3
1.12369 1.12369 3
1.12304 1.12304 3
1.12108 1.12108 3
1.12092 1.12092 3
1.1208 1.1208 3
1.12073 1.12073 3
1.11927 1.11927 3
1.11719 1.11719 3
1.11608 1.11608 3
1.11556 1.11556 3
1.11534 1.11534 3
1.11482 1.11482 3
1.11369 1.11369 3
1.11065 1.11065 3
1.10848 1.10848 3
1.10749 1.10749 3
1.10533 1.10533 3
1.10528 1.10528 3
1.10411 1.10411 3
1.10249 1.10249 3
1.10071 1.10071 3
1.10023 1.10023 3
1.09865 1.09865 3
1.09802 1.09802 3
1.09607 1.09607 3
1.09575 1.09575 3
1.09476 1.09476 3
1.09272 1.09272 3
1.09212 1.09212 3
1.09196 1.09196 3
1.09068 1.09068 3
1.08738 1.08738 3
1.08702 1.08702 3
1.08686 1.08686 3
1.08671 1.08671 3
1.08665 1.08665 3
1.08659 1.08659 3
1.08616 1.08616 3
1.08545 1.08545 3
1.08539 1.08539 3
1.08483 1.08483 3
1.08327 1.08327 3
1.08291 1.08291 3
1.08291 1.08291 3
1.08288 1.08288 3
1.08228 1.08228 3
1.08144 1.08144 3
1.08141 1.08141 3
1.08112 1.08112 3
1.08045 1.08045 3
1.07703 1.07703 3
1.07542 1.07542 3
1.07216 1.07216 3
1.07076 1.07076 3
1.06929 1.06929 3
1.06801 1.06801 3
1.06775 1.06775 3
1.06736 1.06736 3
1.06722 1.06722 3
1.06567 1.06567 3
1.06566 1.06566 3
1.0653 1.0653 3
1.06499 1.06499 3
1.06419 1.06419 3
1.06417 1.06417 3
1.06311 1.06311 3
1.06294 1.06294 3
1.06277 1.06277 3
1.06235 1.06235 3
1.06192 1.06192 3
1.06152 1.06152 3
1.06128 1.06128 3
1.06116 1.06116 3
1.05939 1.05939 3
1.0592 1.0592 3
1.05917 1.05917 3
1.05712 1.05712 3
1.05665 1.05665 3
1.05651 1.05651 3
1.05649 1.05649 3
1.05603 1.05603 3
1.05237 1.05237 3
1.05011 1.05011 3
1.04993 1.04993 3
1.04921 1.04921 3
1.0491 1.0491 3
1.04851 1.04851 3
1.04812 1.04812 3
1.04746 1.04746 3
1.04644 1.04644 3
1.04586 1.04586 3
1.04552 1.04552 3
1.04314 1.04314 3
1.04012 1.04012 3
1.03785 1.03785 3
1.03562 1.03562 3
1.03335 1.03335 3
1.03209 1.03209 3
1.03205 1.03205 3
1.03184 1.03184 3
1.03154 1.03154 3
1.03088 1.03088 3
1.03014 1.03014 3
1.03006 1.03006 3
1.02978 1.02978 3
1.02949 1.02949 3
1.02454 1.02454 3
1.02386 1.02386 3
1.02383 1.02383 3
1.02374 1.02374 3
1.02295 1.02295 3
1.02276 1.02276 3
1.02224 1.02224 3
1.0208 1.0208 3
1.02015 1.02015 3
1.01854 1.01854 3
