12 23 42 48 52 58 60 63 95 110 132 162 221 247 282 285 303 348 412 433 
4 35 81 83 131 154 222 293 302 308 387 415 422 
7 9 29 37 64 179 195 241 351 407 
2 6 19 23 27 33 63 106 148 154 183 290 320 383 
11 15 18 22 34 141 214 444 
4 13 38 92 115 124 138 250 275 299 315 337 372 404 414 
3 55 56 291 325 419 
17 21 40 43 71 169 284 307 
3 29 190 232 321 346 
24 51 75 91 357 436 
5 88 96 313 382 
1 66 74 85 114 123 175 272 336 376 
6 102 158 180 253 315 329 340 440 
16 26 34 170 176 230 264 353 
5 44 107 213 218 
14 51 77 111 122 140 178 183 256 263 413 
8 21 59 71 116 121 126 155 171 182 200 216 260 271 
5 32 41 44 72 100 127 149 254 339 359 434 
4 102 131 151 229 304 380 
59 77 198 201 
8 17 43 53 71 93 99 182 200 228 352 
5 78 100 161 310 333 350 416 445 
1 4 33 87 98 118 278 
10 31 84 91 249 255 438 
56 
14 89 117 196 226 265 273 283 300 319 332 363 369 377 408 
4 39 45 81 150 211 217 279 280 393 
47 219 446 
3 9 295 
56 79 167 202 
24 38 73 427 437 
18 72 152 366 
4 23 132 197 294 356 
5 14 46 238 316 364 398 403 
2 63 68 133 274 370 390 
54 63 116 199 
3 49 184 216 239 327 447 
6 31 115 165 
27 47 388 
8 
18 127 193 
1 240 
8 21 53 71 225 425 
15 18 127 
27 212 
34 82 112 203 281 311 324 
28 39 90 194 338 400 
1 67 312 354 
37 181 207 
101 270 409 443 
10 16 70 205 335 379 439 
1 67 97 245 354 431 
21 43 347 
36 224 381 
7 233 242 257 
7 25 30 185 186 237 
78 135 231 287 
1 97 426 
17 20 62 94 326 391 
1 76 114 192 
62 94 101 105 130 365 
59 61 177 
1 4 35 36 98 215 
3 136 220 251 258 268 
149 234 
12 119 410 424 
48 52 137 145 159 423 
35 262 374 
205 235 314 386 435 439 
51 153 296 
8 17 21 43 
18 32 142 306 334 
31 
12 172 223 
10 375 449 
60 
16 20 
22 57 187 246 252 350 441 450 
30 
113 244 301 
2 27 
46 166 298 
2 160 
24 
12 119 
103 129 163 349 
23 132 288 
11 120 
26 109 405 
47 139 330 
10 24 168 345 
6 
21 248 
59 61 
1 
11 
52 58 
23 63 
21 
18 22 289 
50 61 206 227 
13 19 
86 417 
139 
61 156 358 
4 174 
15 109 
253 323 386 
89 107 373 
1 302 
16 134 236 
46 392 
80 
12 60 
6 38 
17 36 228 
26 281 
23 402 
66 85 
88 
17 182 
16 170 176 
12 
6 129 173 
189 
17 389 
18 41 44 149 359 
312 
86 124 210 
61 318 
2 19 146 
1 33 87 
35 309 
111 208 276 292 342 
57 189 
64 378 
67 328 
6 
90 104 259 396 429 
16 
5 317 
72 
177 209 432 
237 
67 
131 
312 
4 
18 65 127 
27 
19 
32 
70 296 
2 4 368 
17 
105 355 365 448 
271 
13 269 297 
67 361 
83 343 
22 
1 395 406 
86 360 
175 
38 
82 203 
30 243 267 394 
91 
8 
14 122 266 
17 
74 
124 371 
106 
12 164 
14 122 
62 143 
16 
3 
13 
49 397 
17 21 121 418 
4 16 
37 
56 
56 
78 301 
316 385 
125 135 
9 
197 
60 
41 
47 305 
3 
26 226 
33 191 
20 
36 
17 21 
20 
30 
46 166 
228 428 
51 69 
101 
49 
134 
143 
129 
27 
45 
15 
5 
63 
17 37 
27 
15 344 421 
28 
64 
1 
2 
74 
54 
43 
26 196 
101 
21 116 204 
19 
14 
57 
9 
55 362 
65 331 
69 
111 
56 144 401 
34 322 
37 
42 
3 
55 
167 
80 261 
52 
78 252 
1 
93 
24 384 
6 
64 
78 246 
13 108 
18 
24 
16 
55 
64 
139 
17 
244 
68 
16 
14 
26 
170 
167 
64 
158 435 
50 
17 157 
12 
26 
35 
6 
134 
310 
23 
27 
27 
46 117 
1 411 
26 
8 
1 
352 391 
57 
87 
100 
4 
7 
134 
2 430 
33 
29 
70 153 
158 
82 
6 
26 442 
80 187 
2 110 367 
1 
19 
194 
72 
8 
2 
133 
22 277 
46 
48 128 147 
11 
69 
6 13 
34 188 
141 
130 
26 
4 
9 
238 
108 
46 
7 
59 
37 
137 
13 
90 
234 
26 
22 
72 
51 
12 
6 
47 
18 
13 
393 
134 
160 
218 
91 
9 
53 
1 
86 
22 78 
3 
21 286 
14 
48 52 
156 
33 420 
10 
105 
18 127 
163 
159 
233 
26 
34 
61 156 
32 
302 
154 
26 
35 
173 
6 
109 
68 
75 
12 
26 
136 399 
51 
19 
54 
11 
4 
249 
188 
69 108 
2 
39 
126 
35 
59 286 
112 
27 341 
167 
162 
139 
181 
34 
378 
47 
237 
118 
34 
6 
89 
162 
3 
26 
50 
66 
282 
1 
16 
6 
2 
22 
103 
182 
7 
356 
218 
2 
67 
66 
43 
58 
31 
204 
139 
293 
52 
143 
1 
18 
69 269 
10 
31 
24 
51 69 
13 
78 
300 
50 
5 
22 
28 
37 
156 
75 
78 
