f1 f2 x y z length
1 12 -6.313769619 11.79513102 -8.904452737 7.425175765
1 23 -4.615075223 4.823551568 -0.9548374126 7.976319477
1 42 -4.393482078 10.7415768 -0.1269182753 3.51741341
1 48 -6.718010493 5.671344143 -10.55787436 3.323801028
1 52 -6.668574537 7.566719918 -10.3907845 4.152048762
1 58 -5.307928995 7.42821587 -4.189965575 6.936117869
1 60 -5.135504122 10.76894922 -3.507032544 3.609074008
1 63 -3.873315982 7.89476995 2.329181149 5.387413383
1 95 -5.374535831 3.761770939 -4.381012531 5.965051677
1 110 -3.414515567 10.5904894 4.336064401 3.839755281
1 132 -4.442734801 2.086668375 -0.08615310296 1.574260616
1 162 -5.752972917 2.403760071 -6.062878809 2.711631182
1 221 -5.152365049 3.670196768 -3.366409991 3.440817093
1 247 -6.995829742 11.08979089 -11.98905134 1.046648592
1 282 -6.033002434 2.126696546 -7.329688348 1.509076283
1 285 -5.534240345 12.058739 -5.3624368 2.701538514
1 303 -6.27143057 3.239940213 -8.449619357 2.448999648
1 348 -4.128235429 3.84279458 1.292338695 2.457802595
1 412 -4.285904255 3.398179078 0.5879090065 2.045463665
1 433 -4.997486674 4.510878659 -2.686818529 2.008511186
1 -2 -7.114934152 10.06224531 -12.5 4.875619626
1 -4 -5.154773826 12.5 -3.647805527 18.12617723
2 4 -7.933197932 2.589227197 5.037171015 4.372923236
2 35 -8.261109808 6.264908283 5.329304997 4.517082633
2 81 -11.09963704 4.728754167 5.640394191 2.837968899
2 83 -8.959350166 12.37078266 5.836935074 0.2734480987
2 131 -12.02483225 2.82059913 5.648208951 0.9618692275
2 154 -10.40796498 0.1425878999 5.234766136 0.1949806566
2 222 -12.07991795 6.995083035 5.93379085 0.854448571
2 293 -9.998997908 6.643917453 5.607504551 2.482549286
2 302 -5.064092884 12.0222258 5.246693752 0.9607495969
2 308 -6.134349543 4.542269751 4.905155727 2.18091744
2 387 -9.675826912 8.076303425 5.65569755 2.201001886
2 415 -11.86046212 11.36368171 6.192312152 1.498756763
2 422 -10.96606817 9.969280325 5.969393492 2.123879073
2 -4 -8.614152235 12.5 5.795273378 7.853616914
2 -3 -12.5 5.987565154 5.927955615 13.05362914
3 7 8.720715607 -0.264485532 -10.04885595 4.964986476
3 9 9.820760929 11.11138207 -8.066151705 9.01398422
3 29 9.119248951 9.954977706 -4.620491303 3.375391709
3 37 8.53464605 2.721935792 -6.591372515 5.191635866
3 64 8.645833528 8.224638762 -3.028899235 0.5182856083
3 179 8.446742727 4.939415969 -4.334958999 3.707365884
3 195 10.42854396 12.24037388 -10.95327274 0.5542716703
3 241 9.725659487 6.322238534 -11.17697933 3.036557948
3 351 10.19293101 12.06592038 -9.630754041 2.430825316
3 407 10.17395792 9.069481352 -11.82778907 1.387257566
3 -4 10.03881729 12.5 -8.34228937 8.423406912
3 -2 9.844210583 5.558643649 -12.5 13.99054361
4 6 -9.96434499 -2.394297919 11.29297354 5.606380758
4 19 -10.42165086 -3.079396498 7.458107801 9.543653587
4 23 -8.35326413 2.070035615 0.1931188947 3.717123624
4 27 -7.62672758 2.927308982 9.059795918 0.7366207296
4 33 -9.436862296 -0.1248914295 -2.034568982 3.666837678
4 63 -7.186689821 4.399265494 2.996684505 0.6214126957
4 106 -11.00269321 -3.853367062 1.42756344 3.839959845
4 148 -11.30504741 -4.336276823 -0.7485291376 4.312724567
4 154 -10.13041498 -2.244074121 5.111935001 3.666196833
4 183 -12.33635774 -6.495761655 -2.023025531 3.233248588
4 290 -10.5099317 -2.862840609 2.531882553 2.798994417
4 320 -10.47192422 -2.933081963 4.376846551 2.531487395
4 383 -10.33006194 -3.279782248 12.27749685 0.4770530596
4 -1 -10.49670836 -3.664429256 12.5 6.129462324
4 -3 -12.5 -7.35391769 3.961043624 14.7796982
5 11 10.41017624 -5.444345929 2.255146439 4.879472792
5 15 10.92587775 -4.080817906 8.636023006 3.412494759
5 18 10.83873651 -3.838203627 9.601178324 3.398543938
5 22 9.054063938 -3.704753297 8.479766582 1.631735236
5 34 11.2810182 -6.97758625 -3.539736287 2.499836178
5 141 11.99172227 -5.105433108 5.223850473 3.646075125
5 214 10.90963411 -6.387858585 -1.34552235 2.989260921
5 444 10.3395806 -6.181589737 -0.9968063412 1.779864429
5 -5 12.5 -5.644642897 3.378104264 17.05890694
6 13 -6.354632066 -5.354124885 11.05890094 6.142529972
6 38 -2.947806036 -3.685712248 11.85639336 5.174530565
6 92 -11.9272351 -2.298637665 11.07472998 0.6398256818
6 115 -0.8119964915 -7.038227129 11.35242053 1.516800866
6 124 -4.91567263 -1.499508629 12.11470047 4.166398074
6 138 0.2527170244 -5.704603611 11.78703877 2.755643538
6 250 -11.51865791 2.180219686 12.14698612 1.720599944
6 275 -8.145097017 0.4093180639 12.1553983 2.513889188
6 299 -6.292232604 -0.381147695 12.20159784 2.598435204
6 315 -7.121485828 -4.723316566 11.10908821 2.084242793
6 337 -9.906025624 -1.435389715 11.51897397 2.356371688
6 372 -7.014950865 -2.188751427 11.70062409 1.946115803
6 404 -12.18588839 -0.4186339017 11.47219893 0.6326943053
6 414 2.183635109 -4.329552254 12.33705675 1.503544207
6 -1 -4.25614157 -0.1648403815 12.5 17.2456051
6 -3 -12.5 0.01631615457 11.53305634 2.908551954
7 55 6.356211747 -0.3970367853 -11.57671193 1.880363633
7 56 11.21369583 -0.1864868557 -10.9563947 2.575264588
7 291 7.317853111 -0.2294336267 -6.318771923 2.084083389
7 325 8.993432198 -0.1381181765 -5.342736414 2.096491991
7 419 12.14250636 -0.01339548912 -5.420799841 0.7373441637
7 -5 12.5 -0.06070561688 -7.936420814 9.12990202
7 -2 8.603476724 -0.329305499 -12.5 7.799345334
8 17 -1.542303698 1.501123299 -9.825703844 5.983794305
8 21 1.484473647 3.139780994 -9.806758177 5.593312406
8 40 -3.882214787 0.3712758322 -11.60465326 1.821562025
8 43 1.415531255 3.15375185 -10.4680199 4.205040173
8 71 2.226938936 3.43889909 -8.477201686 2.041515907
8 169 -4.147001517 0.08361111435 -9.747153389 0.3901017536
8 284 3.971335652 4.611022804 -11.40009464 2.221730494
8 307 -2.527993645 1.13781075 -12.02617114 0.9722962693
8 -2 0.237124636 2.672932962 -12.5 13.21177665
9 29 9.184265119 11.05193671 -5.579791291 3.78579681
9 190 8.751177223 11.10315105 -4.500162571 1.415072912
9 232 11.73413296 9.746567358 -5.232285322 1.793758383
9 321 12.43973908 10.25330493 -10.93268094 0.1343963284
9 346 10.10138254 10.55669151 -5.282904227 2.358221331
9 -5 12.5 9.837839075 -8.355867735 8.380666505
9 -2 10.42318723 11.47918577 -12.5 4.628266624
9 -4 7.212797972 12.5 -8.778917528 7.779833007
10 24 -10.928222 -10.74819765 6.501966188 5.190094906
10 51 -5.702591877 -10.0259777 2.532637929 3.263074474
10 75 -10.61339176 -10.16971916 0.04503684113 4.661541385
10 91 -11.71389915 -10.65775727 4.785518863 1.737619327
10 357 -7.437857184 -10.07102236 1.586826385 2.076352955
10 436 -5.726451233 -10.20642053 4.609678115 1.787093361
10 -3 -12.5 -10.56953659 3.094511814 11.20844721
11 88 10.07529152 -11.17130154 2.967251517 2.986749004
11 96 10.2904019 -3.395025695 2.127647055 1.409632874
11 313 8.676448955 -8.902645326 3.498940816 2.131974453
11 382 7.723077899 -10.08121764 4.115451571 1.874292938
11 -5 12.5 -7.147294446 1.303532682 10.75187631
11 -6 10.0327178 -12.5 3.113802932 5.587931895
12 66 -0.7506458159 11.64411053 -10.70545686 4.059155649
12 74 -8.417763131 12.14399427 -10.63542289 2.888755366
12 85 -1.746962885 11.83161891 -11.70958125 1.679100755
12 114 -3.582261113 11.25115421 -5.904308251 1.937817171
12 123 -0.6618379566 11.10856857 -6.326363002 2.269198284
12 175 2.021567749 11.2731258 -9.157897622 0.9232785184
12 272 -4.89010991 11.8709065 -10.3113806 2.911076508
12 336 -3.644808032 11.87724788 -11.04646525 2.450093897
12 376 -8.971147603 12.19205265 -10.72940526 1.906320887
12 -2 -3.228501164 12.0254512 -12.5 11.3755017
13 102 -10.23291627 -8.404480046 8.356105964 3.017370872
13 158 -7.386975676 -5.195344022 6.30374072 3.324239545
13 180 -6.708140542 -5.87862448 11.83714968 1.383166898
13 253 -4.54945451 -2.38526349 5.876991951 2.748211973
13 315 -6.468785165 -5.239134307 10.12802744 2.086553721
13 329 -3.385623109 -1.94185235 8.65020748 2.204301217
13 340 -9.520768593 -8.148015536 10.11480666 2.088304542
13 440 -5.335435274 -2.727000048 4.179919563 1.854808459
13 -1 -6.254398428 -5.605125256 12.5 4.182925658
14 16 -0.6814368209 -9.740403929 -2.793975122 1.910896825
14 26 4.457892304 -9.641180694 4.056012922 3.579999018
14 34 5.256493126 -9.11519688 -2.641289452 2.995770385
14 170 0.655659125 -9.842713223 0.93595156 3.72413814
14 176 3.158568302 -9.285985567 -3.456905824 4.193049299
14 230 1.625825361 -10.05739342 5.777404149 0.4234090496
14 264 6.942373726 -9.171667506 0.9590377844 2.265280172
14 353 6.705787722 -9.281791685 2.248394308 2.022615062
15 44 11.1235126 -5.255306375 8.331715585 2.848343498
15 107 8.6006478 -8.850823623 8.144034435 4.474811659
15 213 12.08694895 -8.059935876 7.488150064 0.8622581029
15 218 11.13324149 -11.61847938 6.935375018 1.804319071
15 -5 12.5 -7.288510652 7.558915539 10.67017216
15 -6 9.762330349 -12.5 7.068298807 5.628061576
16 51 -3.01771258 -8.017422545 -2.889452595 4.940018238
16 77 -5.199502529 -11.86949882 -2.854401928 1.342894637
16 111 -1.828361259 -7.118692441 -2.881239438 1.838810238
16 122 -0.2757872521 -10.46078116 -2.767816655 1.526393485
16 140 -4.929727928 -7.431824252 -2.948838305 4.075054009
16 178 -10.79637416 -11.6332128 -2.994621568 1.734101508
16 183 -11.18048297 -6.499730882 -3.120638254 1.4765194
16 256 -9.681676116 -5.560721107 -3.105885566 1.938594573
16 263 -7.341596496 -6.479924335 -3.028598587 2.718328166
16 413 -2.472306998 -11.49608881 -2.797188998 2.008587148
16 -3 -12.5 -9.731604171 -3.078919549 5.538223693
16 -6 -6.071727043 -12.5 -2.861075495 12.8602768
17 21 0.5126893518 1.166477499 -6.375674555 10.97345131
17 59 1.434302321 -4.32333225 -5.372800525 3.177180309
17 71 -0.9240179111 3.922308161 -8.530592468 6.278035929
17 116 0.8887641385 6.510290486 -5.193262999 1.640612811
17 121 -1.498041064 -2.212288611 -10.12923563 3.925472117
17 126 0.7539875992 -2.411862279 -6.331371131 4.619649697
17 155 -1.259235949 2.830321147 -9.210265709 3.324055522
17 171 2.967696549 4.678442963 -1.855283204 0.6775554201
17 182 -1.052087859 -0.5495697874 -9.203630726 3.957532424
17 200 0.1506372029 -1.974150582 -7.309699823 3.464246707
17 216 1.876758715 3.067433599 -3.869158095 2.602423087
17 260 -0.9626332104 5.257447278 -8.459947402 2.821689022
17 271 2.955337108 0.3810855752 -2.314347511 2.541991592
18 32 6.985143246 0.2654131617 8.921101998 4.876122262
18 41 10.77999198 -9.361016847 10.32397302 3.784417962
18 44 10.5970759 -4.846593468 9.724676042 3.808403976
18 72 9.435687612 0.5081883137 8.979162423 4.451802718
18 100 11.70647079 -0.9560234974 9.254693252 1.628053073
18 127 9.153424014 -6.338961268 9.867593214 5.294183172
18 149 5.346735202 -5.575254428 9.627650456 2.974795898
18 254 4.015765038 -0.6227359228 8.92871662 2.223012726
18 339 6.186913665 1.475535216 8.732962852 1.303787208
18 359 11.24358978 -5.803734318 9.874040137 2.22888537
18 434 3.204690067 -6.17765378 9.628117069 1.19599111
18 -5 12.5 -4.333713599 9.727185094 12.52705343
19 102 -11.59091204 -8.280871239 7.727720218 1.844596045
19 131 -12.14831788 2.667066481 6.653778131 0.7131367704
19 151 -8.531351971 -2.928895856 7.761806267 2.332783617
19 229 -12.32650685 -6.374632826 7.433585407 0.3559925327
19 304 -10.33863555 -6.536309285 7.781611906 2.684463217
19 380 -8.812587032 -4.967589513 7.897187314 1.687251459
19 -3 -12.5 -2.510394071 7.058422867 13.07757114
20 59 1.128040934 -8.846973025 -5.866666468 1.218876537
20 77 -4.566284056 -12.21029911 -4.104677721 0.6150093842
20 198 3.75938874 -10.79916143 -5.836936109 2.094128053
20 201 0.1576022511 -11.39130458 -5.091952542 2.336256187
20 -6 -0.3233575305 -12.5 -4.744653485 12.16331559
21 43 1.520319324 2.619372825 -10.63905977 3.83355725
21 53 2.548549271 6.843906587 -11.72745377 1.610359527
21 71 1.344985882 3.568849064 -8.466812335 5.084724646
21 93 1.061298062 -0.6528530819 -11.80251422 1.415124564
21 99 1.38326137 0.5021907561 -12.34290284 0.3243836658
21 182 0.6109510016 -0.7567320585 -9.248085734 3.212219101
21 200 0.1453200742 -1.80093259 -7.721495775 3.193298458
21 228 1.921695054 7.216836134 -7.556143338 3.197229809
21 352 0.7412359002 -1.323959478 -10.69767794 2.357816837
21 -2 1.784899483 2.377637887 -12.5 12.34866069
22 78 8.224954025 3.316321718 5.818819291 4.029567102
22 100 11.30231592 -0.707625696 7.922767396 1.508814367
22 161 5.214270954 -0.2434747232 6.404670453 3.802777022
22 310 4.891754323 -3.760461306 7.573445844 1.726328987
22 333 11.47225606 0.6063312891 7.497109559 2.056777825
22 350 7.284909413 3.507076934 5.542407933 2.446413039
22 416 7.884219986 -1.194380934 7.33404906 1.688527213
22 445 6.716835809 0.9270571563 6.326065054 2.011948677
23 33 -5.110616431 0.3474122799 -1.554811778 8.416596741
23 87 -1.868045869 4.8319492 -2.167080203 4.798385991
23 98 -5.850087398 5.302496577 -0.3215202053 2.948518801
23 118 -4.312490781 -0.8713847794 -2.130449291 4.224209585
23 278 -7.464562658 6.319124117 0.5778348157 2.238874471
24 31 -7.573419798 -9.626576609 9.934558273 1.821154086
24 84 -8.699654785 -10.01138976 9.255485982 4.397123549
24 91 -11.7901142 -11.02495959 4.96830124 1.706565868
24 249 -9.079484739 -10.08523301 5.827448796 1.838433143
24 255 -12.18427745 -11.29110358 12.24906034 0.6919689663
24 438 -10.49583617 -10.6415886 9.114809279 1.831057141
24 -3 -12.5 -11.33077282 8.157981882 8.685363725
24 -1 -10.36933559 -10.6562249 12.5 4.517936971
25 56 11.80508165 -0.5382323843 -10.96545045 1.433363976
25 -5 12.5 -0.3689474548 -11.18118187 2.63852642
25 -2 11.35992302 -0.6901366993 -12.5 2.351255378
26 89 2.965177265 -6.443332475 6.002450215 3.585197346
26 117 4.594952763 -7.425247996 0.6898241565 1.847563807
26 196 1.12059056 -4.007922038 10.33355433 3.079614318
26 226 1.31144177 -4.638678363 10.3665284 2.839687027
26 265 0.3975841728 -0.5498597761 8.851436051 1.39789622
26 273 4.063452043 -9.272398418 5.175218868 2.466434111
26 283 2.01062542 -2.545587411 4.893839192 2.812566374
26 300 1.600826255 -3.678050184 7.981642416 2.692649192
26 319 1.26110567 0.9260711309 3.501167185 2.224328367
26 332 2.61594546 -0.9174846138 0.3895436141 2.580740838
26 363 2.219526864 -5.471438707 7.769233561 2.331085445
26 369 3.789478203 -3.650016736 -0.8632089541 1.22788256
26 377 3.573395068 -4.380110815 0.933833181 2.324713903
26 408 1.910327393 -0.7476838369 3.01396163 2.177501177
27 39 -8.551466635 8.51046465 10.55053672 5.24844993
27 45 -8.865736308 10.25073093 11.02148614 2.847024436
27 81 -10.02079162 5.651638511 10.25643318 2.14585441
27 150 -3.359281489 6.582676611 8.858930881 4.557655473
27 211 -5.706580733 11.97402856 10.64970047 1.161928088
27 217 -4.999625314 5.110680455 8.920947867 3.239725767
27 279 -8.396383868 6.93763202 10.15604151 2.540579706
27 280 -3.389031101 9.171901306 9.45388211 2.735316752
27 393 -8.154294495 6.093512468 9.90595424 1.974307154
27 -4 -5.888343797 12.5 10.81299692 2.925052292
28 47 -1.073679692 11.32916849 10.71184651 2.368107216
28 219 -0.8029597158 11.35627214 11.75733709 1.597447296
28 446 -0.534012708 9.963991936 11.95514936 1.128481549
28 -4 -1.219997857 12.5 10.84913862 3.413985117
28 -1 -0.5039467154 10.69065406 12.5 3.662351608
29 295 9.170326497 12.02947521 -6.068187528 0.9931867546
29 -4 8.559607141 12.5 -3.223677017 9.637547422
30 56 10.76021025 -3.332944377 -10.91242151 3.489595859
30 79 10.57208434 -3.563524814 -12.33347169 0.3373363406
30 167 9.753877423 -2.912969169 -7.65112169 2.414251508
30 202 8.280252734 -3.682315135 -11.97049871 2.446440623
30 -5 12.5 -2.969503092 -9.392622498 6.286331819
30 -2 9.840695442 -3.644412018 -12.5 5.333922239
31 38 -1.958847733 -8.918824608 11.35310638 2.185151574
31 73 -1.926208004 -8.868444458 12.07258166 0.880814704
31 427 -5.093749371 -9.242025672 11.66747684 1.84925641
31 437 -4.471698412 -9.314262393 9.508741966 1.827082526
31 -1 -5.572150425 -9.240312504 12.5 9.63785522
32 72 9.533281397 -0.3461280879 11.089673 2.833636815
32 152 5.571244015 0.2146822489 11.82065996 1.565435961
32 366 6.668896765 0.09008209899 11.29451094 1.997103575
32 -1 5.380385874 0.1804598578 12.5 9.677854227
33 132 -3.304511127 0.7962508004 -0.2346983899 4.524485227
33 197 -6.038826038 0.9624208512 1.529770321 0.708856246
33 294 -3.740605558 -0.1034749241 -4.074727715 2.588639334
33 356 -8.251153735 -0.3771587023 -3.601591804 1.953014919
34 46 5.347335552 -4.215142094 -3.712961738 5.20429536
34 238 11.2415533 -9.620942637 -2.962304851 1.784769037
34 316 9.183783863 -10.09718358 -2.710615514 2.596152454
34 364 10.10591626 -8.723774173 -3.075552781 2.174717575
34 398 9.713818154 -2.509272826 -4.398174224 2.053996551
34 403 11.29471813 -9.406594452 -3.012726088 1.831774882
34 -5 12.5 -6.384744176 -3.756375054 5.78282743
35 63 -8.996229549 7.835729063 3.672477634 5.419335581
35 68 -10.85226266 3.565928135 -1.231427938 2.005552362
35 133 -10.07410002 7.53220536 1.01502788 4.254299184
35 274 -11.35872471 7.377845763 -2.13401783 2.402556542
35 370 -10.88415228 5.35366611 -1.152814301 2.027482617
35 390 -9.688679592 10.76409928 2.238602642 1.24533128
36 54 1.537904197 9.708261965 0.1897171312 4.870132603
36 63 -2.975976864 9.288299411 2.17442503 0.1737848184
36 116 0.842853047 8.806418731 -4.152573454 0.3970055698
36 199 -1.034257237 9.806914791 3.196989324 2.702527045
37 49 8.134111391 2.657893227 -6.930350183 4.849336253
37 184 9.743824152 3.205944414 -2.431510609 3.88232533
37 216 3.372478495 2.516213077 -4.273533974 2.4830436
37 239 11.90972676 3.032495797 -6.207037462 0.3587068967
37 327 10.21986268 2.891495005 -6.243080305 2.504096683
37 447 9.41467292 3.357195101 -0.5100812242 0.7984318316
38 115 -0.3080670749 -8.030269203 11.88050962 4.457404429
38 165 0.6763015974 -9.797389416 11.8686119 2.746452612
38 -1 0.9040981556 -5.743566396 12.5 10.80909121
39 47 -4.467703585 7.635159922 11.34758984 0.7915949357
39 388 -5.973745968 7.882841916 11.30857148 2.216066519
39 -1 -7.923113105 7.837467507 12.5 8.801163071
40 -2 -3.723917229 -2.395381481 -12.5 8.549423685
41 127 10.92685457 -7.194066683 9.52747834 0.9486720709
41 193 8.71597285 -10.26424809 10.99708522 0.3350051546
41 -5 12.5 -9.399552002 10.04474178 6.582161013
41 -6 10.66952666 -12.5 11.46033333 3.713666687
42 240 -1.936762668 10.81431785 0.7974357111 2.759895867
42 -4 -3.959316975 12.5 0.003621983119 9.212913459
43 53 1.248798553 6.830963355 -11.85212286 1.345622712
43 71 1.128595564 3.827574122 -9.53715196 3.470351602
43 225 0.9837814629 8.575185802 -11.64964717 2.6747342
43 425 1.299652952 6.322093659 -11.78893364 1.46184665
43 -2 1.483423129 6.086627707 -12.5 9.420932632
44 127 9.626530799 -4.418088957 11.1832771 2.634078605
44 -5 12.5 -4.788776009 9.930288619 5.355392524
44 -1 10.41519083 -4.033376509 12.5 4.169621698
45 212 -9.124977381 10.26345233 12.08522206 0.8351692444
45 -3 -12.5 11.19319878 11.88842817 1.22495246
45 -1 -9.114612181 10.23806421 12.5 7.017316089
46 82 5.206003106 -4.942483188 -5.444588958 3.238511398
46 112 5.215466117 1.348490321 -5.54132846 2.717055182
46 203 5.302867382 -5.945731302 -4.206626546 1.922057959
46 281 5.513771708 -5.873190496 -1.588085149 0.9443276821
46 311 5.206230657 -0.5186212206 -5.592487366 2.492280394
46 324 5.601223446 -0.0002925079367 -0.7013756064 2.131858301
47 90 -0.5355108371 6.970442781 10.55173847 4.946483136
47 194 -2.093264804 10.01063792 10.900323 3.277705328
47 338 -3.443336821 6.558888755 11.12943281 2.000153652
47 400 -2.729626575 12.11186758 11.05302992 0.7766468365
47 -4 -0.5107022355 12.5 10.61308736 4.779046898
48 67 -9.615866275 5.601073643 -10.47963952 4.454055578
48 312 -12.12999146 6.292455709 -12.11650123 0.8811090695
48 354 -5.481439528 6.431942448 -12.24674653 0.582905721
48 -2 -8.661329338 6.504488172 -12.5 7.677925306
48 -3 -12.5 5.936869887 -11.32112389 2.577153752
49 181 7.589325534 4.643329262 -4.347753157 1.756019664
49 207 7.763856163 6.53719448 -8.334065414 3.40366519
49 -2 8.334648696 5.626304952 -12.5 1.593858599
50 101 -1.467898907 -10.96030984 -11.37826654 3.688969919
50 270 -2.411761561 -11.972009 -8.635389183 1.067295508
50 409 -1.609794482 -9.736997128 -10.5524906 0.6196097554
50 443 -2.08734 -11.19215854 -9.448276365 1.963598241
50 -6 -2.047797663 -12.5 -9.969043507 5.299214895
50 -2 -1.122350085 -10.98104438 -12.5 3.051051939
51 70 -5.208184666 -11.55700893 0.9149839519 1.586348822
51 205 -5.022742634 -5.515212637 2.463365416 3.01287227
51 335 -5.124464018 -8.075164907 1.8596938 2.482551048
51 379 -4.076684605 -3.793809557 0.8830009688 1.218544769
51 439 -5.894761092 -6.080777738 4.252670645 0.6608314809
52 67 -9.943642769 7.773821856 -10.60681676 4.099113074
52 97 -5.864239214 7.625039793 -9.973738583 1.898495556
52 245 -11.5160949 7.916325295 -10.56696129 0.5781526744
52 354 -5.47887408 6.906964737 -12.26097311 0.5268270824
52 431 -10.39318823 8.161545127 -9.438661528 1.372744717
52 -2 -8.280988681 7.067903558 -12.5 7.225521201
53 347 2.838140581 6.767681414 -11.30390331 0.4893155238
53 -2 2.282574995 6.99057858 -12.5 5.959122564
54 224 5.875860924 9.051243619 0.4831972247 2.650492276
54 381 3.638642473 8.970216743 -1.984681354 2.226076631
55 233 6.112155471 0.306834834 -12.19121594 0.6603370722
55 242 6.527997159 -1.811821316 -11.97515621 1.085712869
55 257 6.313938151 0.4481010752 -11.02944852 0.9096164952
55 -2 5.985452465 0.6835806928 -12.5 7.415700214
56 185 11.73248415 -1.063401287 -10.95817827 1.535894518
56 186 12.16294138 -5.865869139 -10.91548947 0.6931517926
56 237 11.46128553 -4.811139677 -10.91165413 2.102281995
56 -5 12.5 -2.840156648 -10.95562044 8.640845895
57 78 8.006493931 4.223432718 4.252530023 2.727121794
57 135 6.406703011 5.825712298 4.540044619 3.049578889
57 231 3.300671192 7.850976004 4.7540237 2.138865847
57 287 4.036950309 3.690726968 3.536342177 2.766231485
58 97 -5.40682484 6.510145894 -6.713910488 1.480943795
58 426 -7.987787447 7.148693949 -3.655544313 1.989271059
59 62 1.308366379 -9.105403708 -9.104427262 1.768953361
59 94 1.846098616 -4.10827025 -11.79425103 0.4746296268
59 326 1.69827203 -6.111052252 -11.8144234 1.755388991
59 391 1.808082745 -3.982839875 -11.02599444 1.85199952
60 76 -1.185163047 11.63972882 -1.931370207 1.867167416
60 114 -4.361654469 11.2966193 -3.104666404 2.486270836
60 192 -6.140688477 10.63067829 -3.886108443 2.124326839
60 -4 -4.023041799 12.5 -2.673415576 8.364454328
61 62 1.730820984 -9.498806147 -9.02903159 3.026243028
61 94 3.703251405 -4.274563861 -12.00785928 1.020814402
61 101 2.308833497 -10.32180183 -11.75624852 2.559701651
61 105 2.933890907 -7.862101529 -12.06676908 0.902127093
61 130 3.575672709 -3.669277551 -11.07219609 2.256972112
61 365 2.984291393 -7.687550968 -12.11054244 0.8072478932
61 -2 3.190647618 -7.239768155 -12.5 7.414572431
62 177 4.103998311 -11.49814948 -8.630121265 2.053092931
62 -6 2.80474535 -12.5 -8.603350947 7.909914201
63 98 -4.777890833 5.772617109 2.443414229 2.930892655
63 215 -5.236861723 10.21793189 2.822905726 2.911133678
64 136 11.54707415 7.824215971 1.469701358 1.696318215
64 220 9.008699141 8.655624525 0.6392720544 2.651329713
64 251 8.166172457 8.462871924 -2.662107016 1.183043628
64 258 10.79087877 7.788270043 -0.6086342664 2.496576176
64 268 9.70039019 8.144547027 -0.9711781807 2.784349185
65 149 5.83801292 -5.897676548 11.39600627 2.257694914
65 234 5.828394937 -6.64470274 11.81529722 1.38673637
65 -1 5.991468768 -5.66595114 12.5 7.236285658
66 119 -1.612601677 9.647872554 -9.82144805 3.363380055
66 410 -2.26635588 7.603767301 -9.371135245 1.393766132
66 424 -1.555907807 7.283947947 -10.9160373 1.839001776
66 -4 -0.4341619672 12.5 -10.97897547 3.405382322
66 -2 -0.4215147979 8.898675109 -12.5 7.358256709
67 137 -10.46395717 5.184471361 -6.103207103 3.219661687
67 145 -9.966446301 3.71902986 -7.338121092 2.419443202
67 159 -9.861290522 6.608924782 -10.09249644 3.689244806
67 423 -10.18391807 5.518950059 -7.701752536 1.886417767
67 -2 -9.263652335 6.034359416 -12.5 4.009266759
68 262 -9.60748952 3.1484269 -4.366251907 1.020465955
68 374 -12.40922512 3.084930994 -6.271904499 0.1820677393
68 -3 -12.5 3.424192599 -3.284693131 6.800786782
69 205 -6.429519493 -5.350522491 2.559670923 2.7625568
69 235 -7.798031433 -7.366124759 2.95002231 3.158501867
69 314 -6.460694853 -4.257277562 -0.07749881387 1.39444176
69 386 -5.335126602 -4.78654088 4.681556239 1.898578776
69 435 -7.419526738 -7.863483382 5.292249186 1.701907206
69 439 -6.245391567 -6.15561069 5.007150126 1.958645019
70 153 -4.235104236 -12.07872677 0.2254513055 0.9024389496
70 296 -4.008217465 -11.59959376 0.281832276 1.914959396
70 -6 -4.608129216 -12.5 0.2652179761 6.652506949
72 142 9.037725082 3.421436459 10.54187854 3.145655125
72 306 8.89315409 4.554483481 9.777438553 0.7492866319
72 334 9.114042351 2.747761828 12.29225555 0.4804919754
72 -1 9.279096265 1.491488153 12.5 5.237231197
73 -1 -1.837911181 -9.751142589 12.5 4.743619997
74 172 -9.846832209 11.09375749 -12.04872928 0.7636571847
74 223 -9.122482007 11.6560708 -11.37910699 2.480356769
74 -4 -8.215147455 12.5 -10.75789577 3.847581097
74 -2 -9.641506041 11.6643892 -12.5 2.069437823
75 375 -11.20545463 -12.31917588 2.783993361 1.210041776
75 449 -12.18047001 -11.69209574 -1.477770157 2.006519466
75 -6 -11.8147875 -12.5 1.326340041 4.355729504
75 -3 -12.5 -11.96193269 -1.87370151 2.508148608
76 -4 -1.420999853 12.5 -2.952379917 5.82740649
77 -6 -5.256271388 -12.5 -2.123819348 5.170403931
78 187 9.441047792 0.1982404642 3.279940157 1.620677447
78 246 8.276613524 3.914945948 1.449817667 1.783348725
78 252 9.023325118 1.631218886 2.042489309 2.3772229
78 350 8.108568418 3.733644926 5.368732517 2.097019166
78 441 8.259198596 3.756451474 2.670229515 1.970269828
78 450 7.656804193 5.393976688 3.385941606 0.3087845285
79 -2 10.13147196 -5.145530488 -12.5 4.509514283
80 113 9.687852072 -1.356351786 0.2291620324 5.32558284
80 244 11.08481415 -1.929051887 -2.564244909 0.226097945
80 301 8.831436899 -0.8735021038 2.474957692 1.507961223
80 -5 12.5 -1.117383912 0.2395135993 3.733988994
81 -3 -12.5 5.273568653 8.02908403 5.97871504
82 166 6.911697219 -5.896151604 -5.127245578 3.565974577
82 298 3.721837525 -5.180590545 -5.668391152 1.732006146
83 160 -9.485674943 12.31831462 3.641021873 0.384209406
83 -4 -9.164038548 12.5 4.762150497 3.513601016
84 -1 -6.679699192 -10.83813905 12.5 3.702729143
85 119 -1.7771087 9.684990992 -11.17067658 1.106903997
85 -4 -1.683683425 12.5 -12.03065628 0.9950185651
85 -2 -1.338737569 10.07594548 -12.5 4.861445564
86 103 -2.604870994 2.454997009 7.028676276 1.454581969
86 129 -3.378465461 2.408773295 10.10736755 3.981852968
86 163 -5.906073881 0.7897789083 8.497413999 3.15539416
86 349 -4.29305932 1.507487724 7.017119661 2.263730598
87 132 -2.39506468 2.778294994 -0.4476363081 1.319030611
87 288 -1.538761695 5.504672653 0.8812705616 1.863141611
88 120 10.25102711 -10.66165225 1.135102858 4.094797228
88 -6 11.01296015 -12.5 1.425933985 4.866467741
89 109 6.506370537 -6.264927006 6.132817977 4.208038822
89 405 3.989162402 -6.477507975 6.747675079 2.176148138
90 139 -0.7523432292 6.453957187 6.921019368 0.3321550688
90 330 -0.4881102043 6.173730945 11.43558018 0.9992640564
91 168 -11.7687446 -9.384260165 4.282722717 1.566414959
91 345 -11.941402 -11.89556662 5.389581173 0.7155816471
91 -3 -12.5 -9.928279916 4.8075316 5.563866355
91 -6 -12.27010708 -12.5 5.773944955 0.4970694397
92 -3 -12.5 -2.293411611 10.73097455 3.538054952
92 -1 -12.28767666 -2.292865084 12.5 0.4246680433
93 248 3.378173348 -0.06073318822 -11.21069896 0.3193690694
93 -2 2.238281265 -0.4618969562 -12.5 5.173365564
94 -2 2.784443782 -4.23980239 -12.5 4.439524554
99 -2 0.6011040426 0.4334240856 -12.5 2.901272704
100 289 12.33408733 -0.9796076315 8.364709833 0.3406585082
100 -5 12.5 -0.9560966895 7.886457062 5.132590789
101 206 2.689719364 -10.90071056 -11.40947232 2.5577101
101 227 0.7343687104 -11.18279301 -11.24279328 3.10248941
101 -2 0.3588656237 -9.082210343 -12.5 4.484651989
101 -6 0.3611425135 -12.5 -10.45509185 4.908069698
102 -3 -12.5 -8.626843796 9.116482724 4.708958236
103 417 -1.561471674 3.069015162 3.238772437 0.6161735589
104 139 0.03854465759 5.647513846 4.037335707 0.9867210536
105 156 3.490238844 -7.912665336 -11.903889 1.20460066
105 358 5.872332839 -8.261188694 -12.25519357 0.5362805703
105 -2 4.169860096 -8.074529533 -12.5 4.398163113
106 174 -12.2370887 -1.375489759 1.035677427 0.5415260809
106 -3 -12.5 -3.088775171 1.504786741 5.661327976
107 109 7.049528459 -8.785194797 6.68352317 2.283812564
108 253 -4.031641786 -4.225022943 5.603273751 0.8066170091
108 323 -4.307276619 -4.766995071 7.41984238 2.077636785
108 386 -4.205142627 -5.187153155 4.735519485 1.832787682
109 373 6.416445537 -5.574879372 6.370411899 2.029666485
110 302 -5.171998258 12.03022863 4.475306096 0.9463653639
110 -4 -4.680149656 12.5 4.523802202 4.955659704
111 134 -0.3386826449 -7.102646212 -1.4325072 4.606516529
111 236 0.2711462829 -7.00293182 -3.781978777 2.168503773
112 392 3.613219087 1.211648924 -5.271309973 2.17304024
113 -5 12.5 -2.020636784 -0.006419572559 0.3985644248
114 -4 -3.866614221 12.5 -4.60834387 4.677277428
115 -1 -0.1220072368 -8.03935777 12.5 4.666763405
116 228 1.060447688 6.827372759 -7.353487214 1.850308576
117 281 5.244258802 -6.963923384 -1.617951398 2.758550398
118 402 -2.90501872 -1.374808708 -3.876598288 0.7005568649
120 -6 10.13638107 -12.5 0.8591552741 4.685739627
121 182 -1.379315866 -1.364086823 -9.003109996 1.837123834
121 -2 -1.658069845 -2.581604508 -12.5 1.892515122
122 170 0.2451372417 -10.79215569 -0.7325778456 0.2942230172
122 176 2.496264287 -10.3482259 -3.30025188 1.817040186
124 129 -3.342370553 -1.094129039 10.77579785 1.429320991
124 173 -5.99870244 -1.16906386 10.0697896 1.648372729
124 -1 -4.770225793 -1.566625005 12.5 3.770186893
125 189 5.356092182 4.291336087 6.739166241 2.689009724
126 389 0.3283625682 -1.423649424 -4.606316902 0.4462073092
127 149 6.817090565 -5.632103682 10.04101133 0.6938957646
127 359 10.86457176 -6.135127661 10.21279641 2.03734521
128 312 -11.94428927 5.313405983 -12.26762811 0.4802604449
128 -2 -11.21929981 5.357432573 -12.5 2.565086766
128 -3 -12.5 5.27049767 -11.67341312 1.653574418
129 210 -2.401030657 0.7439747891 10.54920338 3.2429793
130 318 4.979866661 -3.731187727 -10.20666804 0.7074361561
130 -2 4.318748226 -3.40031869 -12.5 4.218452974
131 146 -12.0810193 2.886755987 5.180383913 0.8607414169
131 -3 -12.5 2.796184738 5.664337955 3.653747794
133 309 -11.1501974 6.645831822 1.615099114 2.603293414
133 -3 -12.5 7.36679415 1.605929692 4.908875513
134 208 1.041665483 -6.076245525 -2.088843144 1.927820933
134 276 -1.237862952 -4.485555898 -1.709356421 1.934802484
134 292 -2.025930139 -5.59005075 -1.223483789 1.806569183
134 342 -1.56694849 -6.293899718 -1.217663752 2.421243184
135 189 5.340413665 5.332438808 6.251439724 3.136889095
136 378 11.72802497 8.540479232 1.466678832 1.116260369
137 328 -11.01296702 5.184639141 -6.199976446 2.097449633
137 -3 -12.5 4.331399757 -6.560539333 4.286730875
139 259 -1.732952525 6.240892667 5.882241726 2.377027758
139 396 0.4665175526 5.686596264 4.285630042 0.4852744059
139 429 -2.465921381 5.862046605 4.270460768 1.508538791
141 317 12.28186788 -2.598904006 4.369547794 1.064655414
142 -5 12.5 3.808622693 11.47856407 2.703328695
143 177 4.546372756 -11.26005526 -10.11331245 1.04450186
143 209 6.158441301 -11.63103395 -10.09902665 1.139282515
143 432 5.10710346 -10.15618127 -10.13682736 2.104381156
144 237 11.07583139 -4.849449495 -11.87331101 1.289813799
144 -2 11.37948157 -5.661450417 -12.5 4.096444129
145 -3 -12.5 2.568917479 -7.330561169 2.535434744
146 -3 -12.5 1.018477623 5.15936437 4.703400975
147 312 -12.04121912 5.68373874 -12.31366509 0.3901177856
147 -3 -12.5 5.617271369 -12.29562852 0.4138410148
147 -2 -11.69656226 5.761046657 -12.5 1.622247016
148 -3 -12.5 -3.949802398 -0.882834394 4.542977732
149 -1 5.291335716 -6.110624816 12.5 2.104197123
152 -1 6.980096297 0.1132396282 12.5 3.524701485
153 296 -4.185150675 -12.13972501 0.8442746842 0.8036264125
153 -6 -4.191872739 -12.5 0.4249068618 3.358327452
154 368 -11.03937405 -1.34649365 5.172878309 2.290240175
154 -3 -12.5 -1.83040029 5.175780085 3.817145487
156 355 4.150539219 -5.781236321 -10.00308442 1.191618601
156 365 3.520936272 -7.741101414 -12.13577389 0.7298085718
156 448 3.853165999 -6.480804496 -12.00956264 1.024046876
156 -2 3.769834131 -6.693097488 -12.5 3.049679926
157 271 2.616409088 0.4695116663 -2.227183022 2.604875886
158 269 -7.551211419 -6.830980963 5.803577914 1.735829033
158 297 -6.699069339 -5.861909649 7.433380147 1.82838802
159 361 -10.66872569 6.516662884 -10.53471831 1.285434632
160 343 -10.92782906 12.24969502 3.779194815 1.408985616
160 -4 -10.29676903 12.5 3.727803448 3.439904478
162 395 -6.404928243 3.884633782 -5.666466333 0.5555873145
162 406 -8.148841496 2.416989449 -6.230629086 1.719019384
163 360 -4.72531565 0.4635013549 8.400250014 1.900159635
164 175 3.694554949 11.16507481 -10.29674267 2.222782456
164 -2 3.625844875 10.46524873 -12.5 2.470500302
165 -1 0.7418574001 -9.75321157 12.5 2.084581035
166 203 6.894105852 -5.8175417 -4.500285456 2.27586698
167 243 9.54665654 -4.199367526 -7.236735074 2.648021849
167 267 8.240277766 -2.26833549 -7.592435351 2.079855691
167 394 10.29414992 -2.32154843 -7.914913631 1.071610817
168 -3 -12.5 -9.572223087 3.644742901 3.847567679
170 266 0.3709747997 -10.65034946 -0.1592462006 1.630021122
172 -2 -9.511530863 8.170667072 -12.5 2.877026902
173 371 -8.237213334 -1.752887362 10.29139176 1.56742065
174 -3 -12.5 -1.435997657 1.522556427 2.741299018
177 -6 4.090554394 -12.5 -9.209895566 3.723873314
178 -6 -10.85000066 -12.5 -3.296228256 3.760564549
180 -1 -6.490797932 -6.07553455 12.5 3.575721829
181 397 5.689568547 4.474156528 -4.552834144 2.067120673
182 418 0.113045399 0.638308739 -9.533669662 1.520380803
183 -3 -12.5 -6.44402961 -2.15373885 3.481787477
185 -5 12.5 -1.254322704 -10.1950965 3.626937422
186 -5 12.5 -5.765055362 -10.29988158 2.91819622
187 301 8.855877524 0.04846153773 2.790806488 2.185841003
188 316 9.07094094 -10.35150264 -2.125214695 1.529209802
188 385 9.942188431 -11.40797528 -1.913728057 1.818832495
188 -6 8.956618379 -12.5 -1.603411622 3.399698584
190 -4 8.570846445 12.5 -3.46957603 0.7078207175
191 197 -6.29974679 1.456591608 3.179667793 1.414623869
194 305 -2.243049185 10.66249202 11.96685539 1.115074187
194 -1 -2.367416044 10.02492762 12.5 3.054985136
195 -4 10.86424988 12.5 -10.94470207 2.793608594
196 226 0.2345532503 -4.33617479 10.30037503 2.275265712
201 -6 0.3449271385 -12.5 -6.054003634 3.164779066
202 -2 6.742557149 -4.40130317 -12.5 2.211985093
204 228 2.595756651 7.385047184 -6.44774282 0.7502467491
204 428 2.595180566 7.173763918 -5.635246421 1.766204222
206 -2 2.734526328 -10.84421267 -12.5 3.312724196
209 -6 6.599626203 -12.5 -10.03725645 3.616071179
211 -4 -5.919546537 12.5 10.01274145 3.240225718
212 -1 -9.149640645 10.34925836 12.5 2.896664537
213 -5 12.5 -8.304724296 7.521274413 3.109278697
214 -5 12.5 -7.308250061 -1.115770412 0.6215094752
218 344 11.07437428 -11.08043511 6.061566068 1.412646195
218 421 11.04070161 -11.16845507 5.51573642 1.345698531
218 -6 11.08791509 -12.5 6.111953085 3.159383191
219 -1 -0.4455637863 11.16023721 12.5 3.302297023
222 -3 -12.5 6.421094806 5.698452053 3.168216226
223 -2 -9.26265712 11.65263836 -12.5 2.909685215
227 -2 0.3925607748 -11.19829253 -12.5 1.678800536
227 -6 0.7773060714 -12.5 -11.11750003 1.926546845
229 -3 -12.5 -6.421625934 7.044224279 2.176536037
232 -5 12.5 8.510140657 -5.144141626 2.052490815
233 362 6.445996343 0.3185750392 -12.33332521 0.3468613146
233 -2 5.594008535 0.4306758976 -12.5 2.740458753
234 331 7.033790147 -6.848968878 11.30964715 1.464312541
234 -1 6.607842086 -6.86744694 12.5 3.125063732
237 401 12.01211364 -4.711044805 -11.65312451 0.9873020615
237 -5 12.5 -4.648073723 -11.11149733 2.777643178
237 -2 11.78894239 -4.727007599 -12.5 1.438634917
238 322 12.16527433 -9.143079009 -2.054975398 0.6936472002
238 -5 12.5 -9.353221465 -3.075821036 2.821923008
239 -5 12.5 2.91989817 -6.330129823 2.89145845
242 -2 7.46668669 -1.628475102 -12.5 2.922359971
244 261 12.04917173 -2.099928852 -4.818397352 1.831434714
245 -3 -12.5 8.615956027 -10.60662297 3.263091967
246 252 9.514106063 3.310292929 1.740155655 0.3807720713
247 -2 -7.288589391 11.09844455 -12.5 2.884778032
249 384 -9.781599324 -9.870676723 5.615113642 1.901226796
250 -3 -12.5 1.633122898 11.2807777 2.354699735
255 -3 -12.5 -11.44915057 12.3361024 2.102799984
255 -6 -12.18406402 -12.5 12.28814243 0.6527982356
258 -5 12.5 8.176234864 -0.9481552942 2.002199258
261 -5 12.5 -1.692118462 -4.814617393 2.912845304
269 435 -7.834867386 -7.753259735 5.158053599 1.827849132
270 -6 -3.01916438 -12.5 -8.742525615 2.970880325
272 -4 -4.889501264 12.5 -10.29406942 2.688803487
275 -1 -8.258976631 0.2547194177 12.5 2.828004988
277 310 4.71370002 -3.102947729 7.748410757 0.5823027821
282 411 -7.802143164 1.61913657 -7.767339224 0.4082401482
284 -2 4.087343904 4.730632122 -12.5 2.144785214
285 -4 -6.383496741 12.5 -4.927072047 1.530112465
286 352 1.266437572 -2.15601294 -11.0988893 0.7614496827
286 391 1.240958964 -4.091470372 -10.96296652 1.848458293
289 -5 12.5 -1.159482293 8.3387283 1.858618632
293 430 -10.16727528 6.812292837 6.50340663 1.509158828
295 -4 9.077022772 12.5 -6.684920859 2.72341908
296 -6 -4.230642474 -12.5 0.9091732738 2.518756793
299 -1 -6.287359557 -0.4837381117 12.5 2.616425244
300 442 1.770523017 -2.755194477 7.790417196 0.4809364916
302 367 -5.222992559 12.11559291 4.158588702 0.7751986458
302 -4 -5.154679732 12.5 4.875268764 2.607953333
305 -1 -2.032412694 10.59023964 12.5 2.58693797
307 -2 -2.689164128 1.404584991 -12.5 2.603414714
312 -2 -12.19477623 6.142698723 -12.5 2.417314207
317 -5 12.5 -1.863953456 4.16819483 2.707283693
321 -5 12.5 9.209053407 -11.22178581 2.427543684
322 -5 12.5 -8.4620465 -1.923975844 2.487039448
326 -2 1.693066269 -5.563903765 -12.5 2.014532776
330 -1 -0.1846623396 5.849888511 12.5 2.396378747
333 -5 12.5 0.2566190198 7.344294145 1.869949657
334 -1 9.503575535 2.812339291 12.5 2.028115042
336 -4 -3.618039161 12.5 -11.29574779 2.513376136
341 393 -7.873227661 6.248708245 10.36907775 1.863147071
343 -4 -11.33347654 12.5 3.69221273 2.33320201
343 -3 -12.5 12.32931085 3.768168077 0.3635471645
345 -6 -11.0402641 -12.5 5.416070902 2.415996264
354 -2 -5.573086542 6.598336039 -12.5 2.140422159
356 420 -8.410502804 -1.428262236 -3.364193665 1.96594206
358 -2 6.73014179 -8.031429617 -12.5 2.357321226
362 -2 6.42292788 0.468377018 -12.5 1.704486731
365 -2 3.135624631 -7.708129781 -12.5 2.210588038
367 -4 -5.983610085 12.5 4.041966226 2.415163433
372 -1 -7.105317082 -2.304912536 12.5 2.276952146
374 -3 -12.5 2.96809803 -6.334441103 1.339509985
375 -6 -11.03487587 -12.5 3.234823298 2.334721031
376 -4 -8.822004477 12.5 -10.63546896 2.235749801
378 399 12.36033352 8.516476829 0.888050544 0.299247945
378 -5 12.5 8.451596234 1.106866594 2.238065493
383 -1 -10.50538411 -3.178029217 12.5 1.854016546
399 -5 12.5 8.515832481 0.8759896174 1.43187671
400 -4 -2.724992405 12.5 10.94970247 2.121286306
401 -5 12.5 -4.502191974 -11.62361573 2.25783794
404 -3 -12.5 -0.5450407687 11.49545562 2.040034547
407 -2 10.16891877 9.210606764 -12.5 2.047249316
413 -6 -2.464837342 -12.5 -2.652227757 1.053145415
414 -1 2.908198266 -4.281740178 12.5 1.987766953
415 -4 -12.12275321 12.5 5.918526071 0.7606654416
415 -3 -12.5 11.53563344 6.074000293 1.971342352
419 -5 12.5 -0.209571535 -5.578176622 2.029600354
425 -2 1.221027765 6.278227599 -12.5 1.921932512
427 -1 -4.740364006 -9.143512541 12.5 0.6683892264
446 -1 -0.3558413731 9.945182641 12.5 1.991571046
448 -2 4.386556167 -6.455164745 -12.5 1.994551136
449 -6 -12.02025262 -12.5 -1.444168469 1.2965117
