Fracture Radii List After Isolated Fracture and Cluster Removal
Format: xRadius yRadius Family# (-1 = userRectangle, 0 = userEllipse, > 0 is family in order of famProb)
9.71942 9.71942 2
9.92479 9.92479 1
9.07194 9.07194 2
8.92909 8.92909 2
8.95624 8.95624 3
8.69165 8.69165 1
7.95354 7.95354 3
7.00055 7.00055 3
6.91741 6.91741 3
6.12684 6.12684 3
8.45951 8.45951 1
6.12024 6.12024 3
6.11293 6.11293 3
5.592 5.592 3
7.79301 7.79301 1
7.387 7.387 1
6.92242 6.92242 2
7.13404 7.13404 1
6.99413 6.99413 1
6.54417 6.54417 1
6.9002 6.9002 2
5.7061 5.7061 1
5.47687 5.47687 1
5.25795 5.25795 3
5.22828 5.22828 3
6.62285 6.62285 2
5.45385 5.45385 1
5.98565 5.98565 2
5.188 5.188 2
5.11444 5.11444 3
5.02504 5.02504 3
4.98254 4.98254 3
4.89702 4.89702 3
5.44767 5.44767 1
5.09158 5.09158 2
4.87197 4.87197 3
4.86634 4.86634 3
5.44645 5.44645 1
4.76213 4.76213 3
4.88098 4.88098 2
5.34633 5.34633 1
4.96035 4.96035 1
4.84818 4.84818 2
4.61774 4.61774 3
4.36227 4.36227 3
4.83464 4.83464 2
4.65105 4.65105 1
4.19685 4.19685 3
4.76767 4.76767 2
4.7528 4.7528 2
4.70065 4.70065 2
3.86165 3.86165 3
3.67475 3.67475 3
3.64802 3.64802 3
4.58229 4.58229 2
4.56713 4.56713 1
4.28112 4.28112 1
3.6053 3.6053 3
4.47528 4.47528 2
4.24226 4.24226 1
4.41659 4.41659 2
4.11115 4.11115 1
4.0255 4.0255 1
3.51001 3.51001 3
4.10781 4.10781 2
4.06956 4.06956 2
4.02692 4.02692 2
3.4678 3.4678 3
3.95253 3.95253 2
3.86519 3.86519 1
3.35052 3.35052 3
3.48346 3.48346 2
3.46771 3.46771 2
3.44924 3.44924 2
3.3711 3.3711 2
3.34542 3.34542 2
3.27244 3.27244 2
3.24882 3.24882 2
3.22759 3.22759 2
3.32306 3.32306 3
3.29771 3.29771 3
3.36491 3.36491 1
3.07806 3.07806 2
3.2773 3.2773 3
2.93098 2.93098 2
3.15509 3.15509 3
2.85285 2.85285 2
2.82561 2.82561 2
2.87302 2.87302 3
2.78554 2.78554 2
3.31873 3.31873 1
2.85453 2.85453 3
2.84173 2.84173 3
2.79577 2.79577 3
3.19686 3.19686 1
2.71072 2.71072 3
2.6219 2.6219 2
2.60239 2.60239 2
2.71046 2.71046 3
2.6951 2.6951 3
3.1768 3.1768 1
2.63718 2.63718 3
2.59828 2.59828 2
2.50937 2.50937 2
2.58436 2.58436 3
2.88143 2.88143 1
2.47325 2.47325 3
2.48901 2.48901 2
2.48316 2.48316 2
2.83378 2.83378 1
2.44233 2.44233 3
2.41986 2.41986 3
2.83317 2.83317 1
2.46806 2.46806 2
2.40879 2.40879 2
2.40696 2.40696 2
2.37097 2.37097 3
2.36648 2.36648 3
2.35948 2.35948 3
2.83172 2.83172 1
2.3845 2.3845 2
2.34501 2.34501 3
2.3271 2.3271 3
2.32027 2.32027 3
2.30827 2.30827 3
2.35302 2.35302 2
2.7883 2.7883 1
2.2748 2.2748 3
2.78718 2.78718 1
2.26179 2.26179 3
2.25318 2.25318 3
2.73752 2.73752 1
2.72687 2.72687 1
2.6849 2.6849 1
2.21028 2.21028 3
2.24259 2.24259 2
2.59452 2.59452 1
2.54159 2.54159 1
2.18538 2.18538 3
2.5214 2.5214 1
2.18449 2.18449 2
2.43814 2.43814 1
2.42621 2.42621 1
2.18281 2.18281 2
2.42496 2.42496 1
2.40374 2.40374 1
2.09734 2.09734 3
2.38186 2.38186 1
2.05339 2.05339 3
2.3362 2.3362 1
2.02736 2.02736 3
2.01398 2.01398 3
2.16367 2.16367 2
2.30266 2.30266 1
1.99085 1.99085 3
2.08482 2.08482 2
2.02912 2.02912 2
2.02264 2.02264 2
1.94142 1.94142 3
2.23942 2.23942 1
1.9413 1.9413 3
2.22543 2.22543 1
1.93486 1.93486 3
2.0085 2.0085 2
2.00098 2.00098 2
1.99769 1.99769 2
2.20475 2.20475 1
1.93273 1.93273 3
1.92391 1.92391 3
1.97233 1.97233 2
1.95312 1.95312 2
2.17242 2.17242 1
2.15554 2.15554 1
1.89809 1.89809 3
1.87789 1.87789 3
2.14715 2.14715 1
1.90953 1.90953 2
1.90718 1.90718 2
1.90418 1.90418 2
1.89604 1.89604 2
1.85805 1.85805 3
2.07512 2.07512 1
1.85786 1.85786 3
2.06923 2.06923 1
1.83889 1.83889 3
1.81973 1.81973 3
1.80002 1.80002 3
1.99377 1.99377 1
1.85484 1.85484 2
1.85139 1.85139 2
1.75268 1.75268 3
1.83428 1.83428 2
1.98582 1.98582 1
1.81869 1.81869 2
1.98134 1.98134 1
1.98073 1.98073 1
1.81633 1.81633 2
1.74721 1.74721 3
1.97376 1.97376 1
1.78952 1.78952 2
1.77785 1.77785 2
1.94463 1.94463 1
1.90715 1.90715 1
1.76757 1.76757 2
1.72997 1.72997 3
1.76302 1.76302 2
1.75608 1.75608 2
1.72685 1.72685 3
1.8926 1.8926 1
1.70293 1.70293 3
1.73651 1.73651 2
1.73108 1.73108 2
1.86094 1.86094 1
1.8409 1.8409 1
1.83242 1.83242 1
1.68123 1.68123 3
1.81775 1.81775 1
1.70206 1.70206 2
1.67122 1.67122 3
1.68728 1.68728 2
1.80395 1.80395 1
1.80226 1.80226 1
1.65865 1.65865 3
1.65388 1.65388 3
1.66999 1.66999 2
1.79495 1.79495 1
1.66283 1.66283 2
1.64332 1.64332 3
1.6399 1.6399 3
1.65967 1.65967 2
1.78505 1.78505 1
1.77698 1.77698 1
1.61657 1.61657 3
1.61497 1.61497 3
1.65152 1.65152 2
1.76151 1.76151 1
1.59684 1.59684 3
1.59435 1.59435 3
1.71776 1.71776 1
1.62267 1.62267 2
1.62135 1.62135 2
1.58416 1.58416 3
1.56574 1.56574 3
1.61524 1.61524 2
1.69187 1.69187 1
1.69187 1.69187 1
1.55572 1.55572 3
1.61177 1.61177 2
1.55448 1.55448 3
1.54995 1.54995 3
1.60444 1.60444 2
1.58785 1.58785 2
1.66723 1.66723 1
1.65945 1.65945 1
1.65534 1.65534 1
1.56112 1.56112 2
1.52228 1.52228 3
1.51644 1.51644 3
1.55943 1.55943 2
1.48926 1.48926 3
1.59971 1.59971 1
1.59587 1.59587 1
1.47542 1.47542 3
1.58631 1.58631 1
1.47137 1.47137 3
1.46329 1.46329 3
1.51996 1.51996 2
1.51762 1.51762 2
1.51191 1.51191 2
1.57565 1.57565 1
1.45106 1.45106 3
1.4946 1.4946 2
1.44283 1.44283 3
1.56587 1.56587 1
1.48156 1.48156 2
1.43206 1.43206 3
1.53621 1.53621 1
1.47732 1.47732 2
1.41747 1.41747 3
1.41329 1.41329 3
1.51807 1.51807 1
1.5108 1.5108 1
1.45569 1.45569 2
1.39986 1.39986 3
1.39799 1.39799 3
1.44886 1.44886 2
1.48221 1.48221 1
1.47035 1.47035 1
1.47022 1.47022 1
1.46823 1.46823 1
1.42107 1.42107 2
1.3727 1.3727 3
1.37221 1.37221 3
1.36754 1.36754 3
1.41808 1.41808 2
1.41606 1.41606 2
1.36366 1.36366 3
1.36038 1.36038 3
1.35804 1.35804 3
1.39238 1.39238 2
1.3903 1.3903 2
1.39027 1.39027 2
1.42152 1.42152 1
1.3868 1.3868 2
1.33518 1.33518 3
1.36824 1.36824 2
1.36513 1.36513 2
1.34941 1.34941 2
1.34686 1.34686 2
1.34648 1.34648 2
1.38047 1.38047 1
1.3452 1.3452 2
1.34449 1.34449 2
1.32034 1.32034 3
1.3193 1.3193 3
1.34201 1.34201 2
1.36708 1.36708 1
1.32973 1.32973 2
1.35518 1.35518 1
1.35483 1.35483 1
1.35224 1.35224 1
1.34741 1.34741 1
1.31012 1.31012 3
1.32056 1.32056 2
1.3136 1.3136 2
1.31182 1.31182 2
1.34312 1.34312 1
1.30125 1.30125 2
1.34197 1.34197 1
1.28388 1.28388 3
1.33818 1.33818 1
1.33422 1.33422 1
1.27391 1.27391 3
1.27213 1.27213 3
1.32964 1.32964 1
1.32891 1.32891 1
1.28124 1.28124 2
1.27049 1.27049 3
1.26679 1.26679 3
1.26334 1.26334 3
1.32239 1.32239 1
1.25688 1.25688 3
1.30688 1.30688 1
1.30619 1.30619 1
1.29667 1.29667 1
1.26312 1.26312 2
1.26139 1.26139 2
1.28542 1.28542 1
1.25043 1.25043 3
1.28108 1.28108 1
1.24908 1.24908 3
1.27887 1.27887 1
1.27589 1.27589 1
1.25479 1.25479 2
1.23836 1.23836 3
1.25107 1.25107 2
1.22909 1.22909 3
1.22016 1.22016 3
1.23734 1.23734 1
1.2124 1.2124 3
1.20554 1.20554 3
1.23781 1.23781 2
1.19506 1.19506 3
1.19385 1.19385 3
1.19246 1.19246 3
1.19117 1.19117 3
1.22956 1.22956 1
1.18251 1.18251 3
1.18235 1.18235 3
1.23048 1.23048 2
1.22013 1.22013 2
1.17531 1.17531 3
1.17263 1.17263 3
1.21624 1.21624 1
1.20538 1.20538 2
1.20463 1.20463 2
1.20222 1.20222 2
1.16315 1.16315 3
1.21378 1.21378 1
1.20728 1.20728 1
1.15214 1.15214 3
1.2013 1.2013 1
1.13998 1.13998 3
1.1378 1.1378 3
1.1769 1.1769 2
1.19112 1.19112 1
1.13684 1.13684 3
1.17117 1.17117 2
1.17103 1.17103 2
1.1715 1.1715 1
1.12475 1.12475 3
1.12387 1.12387 3
1.12304 1.12304 3
1.11927 1.11927 3
1.15325 1.15325 2
1.16255 1.16255 1
1.11556 1.11556 3
1.1618 1.1618 1
1.11534 1.11534 3
1.15202 1.15202 2
1.15681 1.15681 1
1.10749 1.10749 3
1.10023 1.10023 3
1.15137 1.15137 1
1.1484 1.1484 1
1.14339 1.14339 1
1.09272 1.09272 3
1.1187 1.1187 1
1.12336 1.12336 2
1.08659 1.08659 3
1.08483 1.08483 3
1.10145 1.10145 1
1.0982 1.0982 2
1.09615 1.09615 1
1.09544 1.09544 1
1.09256 1.09256 1
1.07542 1.07542 3
1.0931 1.0931 2
1.09139 1.09139 1
1.06801 1.06801 3
1.09034 1.09034 1
1.09029 1.09029 1
1.08796 1.08796 1
1.08455 1.08455 1
1.06499 1.06499 3
1.06419 1.06419 3
1.06311 1.06311 3
1.08388 1.08388 1
1.08466 1.08466 2
1.08457 1.08457 2
1.08438 1.08438 2
1.08304 1.08304 2
1.08064 1.08064 1
1.05939 1.05939 3
1.07833 1.07833 1
1.06509 1.06509 2
1.06226 1.06226 2
1.05917 1.05917 3
1.05665 1.05665 3
1.05649 1.05649 3
1.04921 1.04921 3
1.06396 1.06396 1
1.03562 1.03562 3
1.06338 1.06338 1
1.03928 1.03928 2
1.03209 1.03209 3
1.0516 1.0516 1
1.03184 1.03184 3
1.03792 1.03792 2
1.04359 1.04359 1
