Format: xRadius yRadius Family# Removed (-1 = userRectangle, 0 = userEllipse, > 0 is family in order of famProb)
9.7194204 9.7194204 2
9.9247932 9.9247932 1
9.0719376 9.0719376 2
8.9290886 8.9290886 2
8.9562435 8.9562435 3
8.6916523 8.6916523 1
7.9535403 7.9535403 3
7.0005531 7.0005531 3
6.9174147 6.9174147 3
6.2651978 6.2651978 3 R
6.1268368 6.1268368 3
8.4595051 8.4595051 1
8.3100061 8.3100061 2 R
6.1202374 6.1202374 3
6.1129274 6.1129274 3
5.5919981 5.5919981 3
7.793014 7.793014 1
7.3870029 7.3870029 1
7.1678634 7.1678634 1 R
5.5804524 5.5804524 3 R
6.9224191 6.9224191 2
7.1340427 7.1340427 1
6.9941287 6.9941287 1
6.5441742 6.5441742 1
5.7358546 5.7358546 1 R
6.9002047 6.9002047 2
5.7061024 5.7061024 1
5.4768653 5.4768653 1
5.4775429 5.4775429 3 R
5.2579498 5.2579498 3
5.2282772 5.2282772 3
5.1790967 5.1790967 3 R
6.6228509 6.6228509 2
5.4538469 5.4538469 1
5.9856482 5.9856482 2
5.1879969 5.1879969 2
5.1144447 5.1144447 3
5.0250425 5.0250425 3
5.1481376 5.1481376 2 R
4.9825401 4.9825401 3
4.8970199 4.8970199 3
5.4476652 5.4476652 1
5.0915771 5.0915771 2
4.8719745 4.8719745 3
5.0751576 5.0751576 2 R
4.9662843 4.9662843 2 R
4.8663397 4.8663397 3
5.4464502 5.4464502 1
4.7621269 4.7621269 3
4.8809795 4.8809795 2
5.3463316 5.3463316 1
5.0474467 5.0474467 1 R
4.9603481 4.9603481 1
4.8481841 4.8481841 2
4.8051233 4.8051233 1 R
4.7897201 4.7897201 1 R
4.7536774 4.7536774 3 R
4.617744 4.617744 3
4.3622732 4.3622732 3
4.7084866 4.7084866 1 R
4.83464 4.83464 2
4.6510525 4.6510525 1
4.1968479 4.1968479 3
4.7676749 4.7676749 2
4.7528048 4.7528048 2
4.7006497 4.7006497 2
4.0547085 4.0547085 3 R
3.8616488 3.8616488 3
3.7635739 3.7635739 3 R
3.677012 3.677012 3 R
3.6747463 3.6747463 3
3.6480198 3.6480198 3
4.5822864 4.5822864 2
4.5671315 4.5671315 1
4.2811213 4.2811213 1
3.6053047 3.6053047 3
3.5548856 3.5548856 3 R
4.5578623 4.5578623 2 R
4.4752846 4.4752846 2
4.2422633 4.2422633 1
4.4165859 4.4165859 2
4.1111522 4.1111522 1
4.0255046 4.0255046 1
3.5100057 3.5100057 3
4.2869682 4.2869682 2 R
3.5099847 3.5099847 3 R
4.1078057 4.1078057 2
4.0695648 4.0695648 2
4.0269208 4.0269208 2
3.4677968 3.4677968 3
3.9525282 3.9525282 2
3.7745316 3.7745316 2 R
3.8651927 3.8651927 1
3.3505206 3.3505206 3
3.860388 3.860388 1 R
3.3416061 3.3416061 3 R
3.7409711 3.7409711 2 R
3.4947696 3.4947696 2 R
3.8238664 3.8238664 1 R
3.812572 3.812572 1 R
3.4834628 3.4834628 2
3.4677091 3.4677091 2
3.4492416 3.4492416 2
3.7594151 3.7594151 1 R
3.3711002 3.3711002 2
3.3454223 3.3454223 2
3.7413712 3.7413712 1 R
3.3288717 3.3288717 2 R
3.2724438 3.2724438 2
3.2512889 3.2512889 2 R
3.2488179 3.2488179 2
3.2275891 3.2275891 2
3.3396106 3.3396106 3 R
3.3230648 3.3230648 3
3.5027089 3.5027089 1 R
3.1631184 3.1631184 2 R
3.365073 3.365073 1 R
3.2977111 3.2977111 3
3.3649149 3.3649149 1
3.3648665 3.3648665 1 R
3.0780597 3.0780597 2
2.9992299 2.9992299 2 R
3.2772963 3.2772963 3
3.3596082 3.3596082 1 R
2.9309754 2.9309754 2
3.2099516 3.2099516 3 R
3.1550899 3.1550899 3
2.8873751 2.8873751 2 R
3.1241479 3.1241479 3 R
3.0602393 3.0602393 3 R
3.0009949 3.0009949 3 R
3.3539181 3.3539181 1 R
2.9632492 2.9632492 3 R
2.8528543 2.8528543 2
2.9586225 2.9586225 3 R
3.3524003 3.3524003 1 R
2.8895874 2.8895874 3 R
2.8256068 2.8256068 2
2.8730245 2.8730245 3
2.7855356 2.7855356 2
2.7638695 2.7638695 2 R
3.3187277 3.3187277 1
2.8545332 2.8545332 3
3.2259717 3.2259717 1 R
2.8417258 2.8417258 3
2.7957668 2.7957668 3
2.76492 2.76492 3 R
3.1968613 3.1968613 1
2.7107155 2.7107155 3
2.6218991 2.6218991 2
2.602385 2.602385 2
3.1818206 3.1818206 1 R
2.7104635 2.7104635 3
2.6951025 2.6951025 3
2.6838622 2.6838622 3 R
3.1768026 3.1768026 1
2.637177 2.637177 3
2.5982766 2.5982766 2
2.5947747 2.5947747 2 R
3.0216198 3.0216198 1 R
2.6358397 2.6358397 3 R
2.9832416 2.9832416 1 R
2.5789766 2.5789766 2 R
2.9434373 2.9434373 1 R
2.5093746 2.5093746 2
2.4973087 2.4973087 2 R
2.935535 2.935535 1 R
2.6201174 2.6201174 3 R
2.6076787 2.6076787 3 R
2.5943911 2.5943911 3 R
2.4972301 2.4972301 2 R
2.592217 2.592217 3 R
2.5843639 2.5843639 3
2.4960063 2.4960063 2 R
2.9298911 2.9298911 1 R
2.5592923 2.5592923 3 R
2.8814254 2.8814254 1
2.8641787 2.8641787 1 R
2.5452313 2.5452313 3 R
2.4732497 2.4732497 3
2.4890065 2.4890065 2
2.483161 2.483161 2
2.8551431 2.8551431 1 R
2.4609504 2.4609504 3 R
2.8337841 2.8337841 1
2.4600916 2.4600916 3 R
2.4423263 2.4423263 3
2.4198592 2.4198592 3
2.8331702 2.8331702 1
2.4764152 2.4764152 2 R
2.4680622 2.4680622 2
2.4087915 2.4087915 2
2.4007664 2.4007664 3 R
2.4069593 2.4069593 2
2.3709693 2.3709693 3
2.3664753 2.3664753 3
2.3594761 2.3594761 3
2.8317237 2.8317237 1
2.3926995 2.3926995 2 R
2.3886254 2.3886254 2 R
2.3879182 2.3879182 2 R
2.3844991 2.3844991 2
2.3557343 2.3557343 3 R
2.3450081 2.3450081 3
2.3271041 2.3271041 3
2.8123343 2.8123343 1 R
2.3812037 2.3812037 2 R
2.3799472 2.3799472 2 R
2.3202655 2.3202655 3
2.3082662 2.3082662 3
2.3613558 2.3613558 2 R
2.3530202 2.3530202 2
2.7883003 2.7883003 1
2.2853959 2.2853959 3 R
2.2747986 2.2747986 3
2.2664521 2.2664521 3 R
2.2624631 2.2624631 3 R
2.35269 2.35269 2 R
2.787184 2.787184 1
2.7851934 2.7851934 1 R
2.2617869 2.2617869 3
2.7739644 2.7739644 1 R
2.7422643 2.7422643 1 R
2.2531843 2.2531843 3
2.3238606 2.3238606 2 R
2.2404935 2.2404935 3 R
2.737519 2.737519 1
2.7268667 2.7268667 1
2.6849003 2.6849003 1
2.3035827 2.3035827 2 R
2.2102785 2.2102785 3
2.3033915 2.3033915 2 R
2.2471659 2.2471659 2 R
2.6720862 2.6720862 1 R
2.2425878 2.2425878 2
2.1952355 2.1952355 3 R
2.5945196 2.5945196 1
2.5415907 2.5415907 1
2.1853757 2.1853757 3
2.1843925 2.1843925 3 R
2.5214026 2.5214026 1
2.5155544 2.5155544 1 R
2.1826184 2.1826184 3 R
2.1720581 2.1720581 3 R
2.2304506 2.2304506 2 R
2.51301 2.51301 1 R
2.1611395 2.1611395 3 R
2.5072088 2.5072088 1 R
2.2142365 2.2142365 2 R
2.4918976 2.4918976 1 R
2.4818671 2.4818671 1 R
2.1571746 2.1571746 3 R
2.4603806 2.4603806 1 R
2.4446156 2.4446156 1 R
2.1904018 2.1904018 2 R
2.1844895 2.1844895 2
2.4381392 2.4381392 1
2.1388817 2.1388817 3 R
2.4262121 2.4262121 1
2.1828139 2.1828139 2
2.1293514 2.1293514 3 R
2.4249618 2.4249618 1
2.1196651 2.1196651 3 R
2.1182046 2.1182046 3 R
2.4245281 2.4245281 1 R
2.1157551 2.1157551 3 R
2.1769283 2.1769283 2 R
2.1762969 2.1762969 2 R
2.42223 2.42223 1 R
2.1047544 2.1047544 3 R
2.4037437 2.4037437 1
2.0973361 2.0973361 3
2.0758889 2.0758889 3 R
2.4027138 2.4027138 1 R
2.3892808 2.3892808 1 R
2.3818593 2.3818593 1
2.0533912 2.0533912 3
2.3599284 2.3599284 1 R
2.0465784 2.0465784 3 R
2.3364971 2.3364971 1 R
2.0442667 2.0442667 3 R
2.0369804 2.0369804 3 R
2.3362038 2.3362038 1
2.1735461 2.1735461 2 R
2.0273607 2.0273607 3
2.3054361 2.3054361 1 R
2.0139806 2.0139806 3
2.0059328 2.0059328 3 R
2.1636715 2.1636715 2
2.140656 2.140656 2 R
2.3026619 2.3026619 1
2.0046518 2.0046518 3 R
1.9997653 1.9997653 3 R
2.300586 2.300586 1 R
2.138572 2.138572 2 R
2.2893753 2.2893753 1 R
2.2852628 2.2852628 1 R
2.1341834 2.1341834 2 R
1.9908456 1.9908456 3
2.0848176 2.0848176 2
1.9731842 1.9731842 3 R
2.2758839 2.2758839 1 R
2.079052 2.079052 2 R
2.0291204 2.0291204 2
1.9728755 1.9728755 3 R
1.9695863 1.9695863 3 R
1.9617065 1.9617065 3 R
1.9539797 1.9539797 3 R
2.0226405 2.0226405 2
1.9414226 1.9414226 3
2.2499359 2.2499359 1 R
2.2394214 2.2394214 1
1.9412961 1.9412961 3
2.009198 2.009198 2 R
2.2254348 2.2254348 1
1.9348624 1.9348624 3
2.0085027 2.0085027 2
2.2240615 2.2240615 1 R
2.2224755 2.2224755 1 R
2.0009766 2.0009766 2
1.9976943 1.9976943 2
2.2124488 2.2124488 1 R
2.2105925 2.2105925 1 R
1.9345769 1.9345769 3 R
2.2047534 2.2047534 1
1.9963324 1.9963324 2 R
2.200084 2.200084 1 R
1.9327301 1.9327301 3
2.1834545 2.1834545 1 R
1.9321673 1.9321673 3 R
1.9239107 1.9239107 3
1.97233 1.97233 2
1.9630909 1.9630909 2 R
1.9531223 1.9531223 2
1.9357193 1.9357193 2 R
2.1743295 2.1743295 1 R
2.1724162 2.1724162 1
2.1717989 2.1717989 1 R
1.9233797 1.9233797 3 R
2.1555388 2.1555388 1
1.9233752 1.9233752 3 R
1.9084253 1.9084253 3 R
1.8980926 1.8980926 3
1.8780007 1.8780007 3 R
1.8778923 1.8778923 3
2.1507912 2.1507912 1 R
2.1471486 2.1471486 1
1.9257523 1.9257523 2 R
2.1148121 2.1148121 1 R
2.0954187 2.0954187 1 R
1.9120489 1.9120489 2 R
1.8758612 1.8758612 3 R
1.9117993 1.9117993 2 R
2.0882661 2.0882661 1 R
2.0860803 2.0860803 1 R
1.9095311 1.9095311 2
1.867521 1.867521 3 R
1.8638171 1.8638171 3 R
1.9071804 1.9071804 2
1.9041804 1.9041804 2
1.8960435 1.8960435 2
1.8580496 1.8580496 3
2.0848925 2.0848925 1 R
1.8949409 1.8949409 2 R
2.0751159 2.0751159 1
1.8910528 1.8910528 2 R
1.8578591 1.8578591 3
1.8518386 1.8518386 3 R
2.0692332 2.0692332 1
2.0573213 2.0573213 1 R
1.8448871 1.8448871 3 R
2.0435343 2.0435343 1 R
2.0281818 2.0281818 1 R
1.8398528 1.8398528 3 R
2.0249636 2.0249636 1 R
2.0183647 2.0183647 1 R
1.8388901 1.8388901 3
1.8261284 1.8261284 3 R
1.824048 1.824048 3 R
1.8800968 1.8800968 2 R
1.8583425 1.8583425 2 R
1.8197305 1.8197305 3
1.8094764 1.8094764 3 R
2.008724 2.008724 1 R
1.8076272 1.8076272 3 R
1.8000206 1.8000206 3
1.783031 1.783031 3 R
2.002244 2.002244 1 R
1.782109 1.782109 3 R
1.9937696 1.9937696 1
1.8548372 1.8548372 2
1.8513906 1.8513906 2
1.7789642 1.7789642 3 R
1.7740986 1.7740986 3 R
1.7621946 1.7621946 3 R
1.9918234 1.9918234 1 R
1.9905453 1.9905453 1 R
1.7526847 1.7526847 3
1.9882476 1.9882476 1 R
1.7492729 1.7492729 3 R
1.834281 1.834281 2
1.8320769 1.8320769 2 R
1.8282726 1.8282726 2 R
1.9858232 1.9858232 1
1.8221105 1.8221105 2 R
1.8186878 1.8186878 2
1.9813424 1.9813424 1
1.7477894 1.7477894 3 R
1.9813108 1.9813108 1 R
1.9807262 1.9807262 1
1.816328 1.816328 2
1.7472084 1.7472084 3
1.7959139 1.7959139 2 R
1.9737581 1.9737581 1
1.9611481 1.9611481 1 R
1.7895179 1.7895179 2
1.7817637 1.7817637 2 R
1.7778486 1.7778486 2
1.741886 1.741886 3 R
1.960709 1.960709 1 R
1.946231 1.946231 1 R
1.9460316 1.9460316 1 R
1.9446282 1.9446282 1
1.9073734 1.9073734 1 R
1.9071535 1.9071535 1
1.7719543 1.7719543 2 R
1.7675736 1.7675736 2
1.7413483 1.7413483 3 R
1.9039447 1.9039447 1 R
1.7365164 1.7365164 3 R
1.898906 1.898906 1 R
1.7299695 1.7299695 3
1.7630244 1.7630244 2
1.761097 1.761097 2 R
1.7560847 1.7560847 2
1.7268513 1.7268513 3
1.7242469 1.7242469 3 R
1.7206867 1.7206867 3 R
1.7199768 1.7199768 3 R
1.7560453 1.7560453 2 R
1.7129798 1.7129798 3 R
1.7522752 1.7522752 2 R
1.8988842 1.8988842 1 R
1.8925955 1.8925955 1
1.8897698 1.8897698 1 R
1.8713429 1.8713429 1 R
1.7419188 1.7419188 2 R
1.7055554 1.7055554 3 R
1.7029306 1.7029306 3
1.8693435 1.8693435 1 R
1.7020812 1.7020812 3 R
1.7365073 1.7365073 2
1.6980734 1.6980734 3 R
1.6938844 1.6938844 3 R
1.8671023 1.8671023 1 R
1.6900101 1.6900101 3 R
1.7310841 1.7310841 2
1.6834885 1.6834885 3 R
1.7249849 1.7249849 2 R
1.8609424 1.8609424 1
1.7239394 1.7239394 2 R
1.859236 1.859236 1 R
1.8409001 1.8409001 1
1.832418 1.832418 1
1.6812309 1.6812309 3
1.8215907 1.8215907 1 R
1.6796682 1.6796682 3 R
1.7189987 1.7189987 2 R
1.7090442 1.7090442 2 R
1.6795306 1.6795306 3 R
1.6784329 1.6784329 3 R
1.7071178 1.7071178 2 R
1.8177546 1.8177546 1
1.6727846 1.6727846 3 R
1.7020599 1.7020599 2
1.6712154 1.6712154 3
1.6691215 1.6691215 3 R
1.6925526 1.6925526 2 R
1.6872832 1.6872832 2
1.6842489 1.6842489 2 R
1.8039507 1.8039507 1
1.8022604 1.8022604 1
1.7973553 1.7973553 1 R
1.6610086 1.6610086 3 R
1.6586715 1.6586715 3 R
1.6586456 1.6586456 3
1.6731763 1.6731763 2 R
1.6573608 1.6573608 3 R
1.6538843 1.6538843 3
1.6699866 1.6699866 2
1.6638181 1.6638181 2 R
1.7949523 1.7949523 1
1.7894605 1.7894605 1 R
1.6628299 1.6628299 2
1.6608984 1.6608984 2 R
1.6433249 1.6433249 3
1.6399008 1.6399008 3
1.6368024 1.6368024 3 R
1.6603497 1.6603497 2 R
1.6596729 1.6596729 2
1.6356037 1.6356037 3 R
1.7881258 1.7881258 1 R
1.7850485 1.7850485 1
1.7769828 1.7769828 1
1.6335872 1.6335872 3 R
1.6253747 1.6253747 3 R
1.6183053 1.6183053 3 R
1.6165682 1.6165682 3
1.7656909 1.7656909 1 R
1.6577375 1.6577375 2 R
1.6149663 1.6149663 3
1.6515217 1.6515217 2
1.6398997 1.6398997 2 R
1.6132674 1.6132674 3 R
1.76325 1.76325 1 R
1.7615106 1.7615106 1
1.6310508 1.6310508 2 R
1.6065376 1.6065376 3 R
1.630833 1.630833 2 R
1.750113 1.750113 1 R
1.7469465 1.7469465 1 R
1.6285406 1.6285406 2 R
1.6012936 1.6012936 3 R
1.5968411 1.5968411 3
1.5943494 1.5943494 3
1.7392371 1.7392371 1 R
1.6247537 1.6247537 2 R
1.7367538 1.7367538 1 R
1.7281635 1.7281635 1 R
1.7177626 1.7177626 1
1.5939192 1.5939192 3 R
1.5913019 1.5913019 3 R
1.7125494 1.7125494 1 R
1.6226742 1.6226742 2
1.5860554 1.5860554 3 R
1.6213504 1.6213504 2
1.5841589 1.5841589 3
1.5822421 1.5822421 3 R
1.7117374 1.7117374 1 R
1.5727417 1.5727417 3 R
1.615743 1.615743 2 R
1.7079842 1.7079842 1 R
1.5657409 1.5657409 3
1.5640441 1.5640441 3 R
1.6152401 1.6152401 2
1.7038908 1.7038908 1 R
1.6918743 1.6918743 1
1.6918651 1.6918651 1
1.6141778 1.6141778 2 R
1.5563216 1.5563216 3 R
1.5557241 1.5557241 3
1.6906875 1.6906875 1 R
1.6117735 1.6117735 2
1.6113036 1.6113036 2 R
1.5544817 1.5544817 3
1.5505475 1.5505475 3 R
1.5499504 1.5499504 3
1.6847928 1.6847928 1 R
1.5474845 1.5474845 3 R
1.6694689 1.6694689 1 R
1.5468279 1.5468279 3 R
1.606364 1.606364 2 R
1.6044354 1.6044354 2
1.5878468 1.5878468 2
1.6672299 1.6672299 1
1.5763248 1.5763248 2 R
1.54537 1.54537 3 R
1.5453572 1.5453572 3 R
1.6594509 1.6594509 1
1.6589494 1.6589494 1 R
1.5349711 1.5349711 3 R
1.5664036 1.5664036 2 R
1.6553419 1.6553419 1
1.527006 1.527006 3 R
1.5622915 1.5622915 2 R
1.6521412 1.6521412 1 R
1.6496041 1.6496041 1 R
1.6404791 1.6404791 1 R
1.6389172 1.6389172 1 R
1.6366582 1.6366582 1 R
1.5227587 1.5227587 3 R
1.5611167 1.5611167 2
1.5222781 1.5222781 3
1.516444 1.516444 3
1.559428 1.559428 2
1.5093982 1.5093982 3 R
1.5078061 1.5078061 3 R
1.6345422 1.6345422 1 R
1.5043497 1.5043497 3 R
1.6324968 1.6324968 1 R
1.5506738 1.5506738 2 R
1.5023253 1.5023253 3 R
1.5003831 1.5003831 3 R
1.6305398 1.6305398 1 R
1.4994192 1.4994192 3 R
1.4989452 1.4989452 3 R
1.5481791 1.5481791 2 R
1.493875 1.493875 3 R
1.6305225 1.6305225 1 R
1.6176704 1.6176704 1 R
1.5467837 1.5467837 2 R
1.4892592 1.4892592 3
1.6159267 1.6159267 1 R
1.5438133 1.5438133 2 R
1.600576 1.600576 1 R
1.5997105 1.5997105 1
1.4862103 1.4862103 3 R
1.4857934 1.4857934 3 R
1.5991905 1.5991905 1 R
1.4852347 1.4852347 3 R
1.5983841 1.5983841 1 R
1.5958664 1.5958664 1
1.4811282 1.4811282 3 R
1.5430837 1.5430837 2 R
1.4754231 1.4754231 3
1.5402594 1.5402594 2 R
1.4734358 1.4734358 3 R
1.471405 1.471405 3 R
1.5401436 1.5401436 2 R
1.5369962 1.5369962 2 R
1.5869653 1.5869653 1 R
1.5863141 1.5863141 1
1.5366944 1.5366944 2 R
1.532645 1.532645 2 R
1.5305864 1.5305864 2 R
1.5293406 1.5293406 2 R
1.5273975 1.5273975 2 R
1.582396 1.582396 1 R
1.4713666 1.4713666 3
1.4711558 1.4711558 3 R
1.5814885 1.5814885 1 R
1.5810299 1.5810299 1 R
1.5801374 1.5801374 1 R
1.4658475 1.4658475 3 R
1.4632931 1.4632931 3
1.4627726 1.4627726 3 R
1.577126 1.577126 1 R
1.5226195 1.5226195 2 R
1.5199622 1.5199622 2
1.5176212 1.5176212 2
1.4536753 1.4536753 3 R
1.5125493 1.5125493 2 R
1.5119081 1.5119081 2
1.501193 1.501193 2 R
1.5756533 1.5756533 1
1.4534926 1.4534926 3 R
1.4510566 1.4510566 3
1.5737826 1.5737826 1 R
1.4945973 1.4945973 2
1.4485008 1.4485008 3 R
1.445909 1.445909 3 R
1.4428273 1.4428273 3
1.5680062 1.5680062 1 R
1.4853634 1.4853634 2 R
1.4410754 1.4410754 3 R
1.4821681 1.4821681 2 R
1.5658674 1.5658674 1
1.5593414 1.5593414 1 R
1.5541414 1.5541414 1 R
1.4815634 1.4815634 2
1.5520126 1.5520126 1 R
1.4408668 1.4408668 3 R
1.5421039 1.5421039 1 R
1.5420231 1.5420231 1 R
1.4347756 1.4347756 3 R
1.4320605 1.4320605 3
1.5386918 1.5386918 1 R
1.4229739 1.4229739 3 R
1.5362051 1.5362051 1
1.4775183 1.4775183 2 R
1.4216014 1.4216014 3 R
1.4200535 1.4200535 3 R
1.5241437 1.5241437 1 R
1.477318 1.477318 2
1.4736083 1.4736083 2 R
1.4729573 1.4729573 2 R
1.4187834 1.4187834 3 R
1.4174688 1.4174688 3
1.4719375 1.4719375 2 R
1.4140574 1.4140574 3 R
1.4691949 1.4691949 2 R
1.4664478 1.4664478 2 R
1.4132943 1.4132943 3
1.4128848 1.4128848 3 R
1.4632294 1.4632294 2 R
1.5180736 1.5180736 1
1.4586129 1.4586129 2 R
1.4127004 1.4127004 3 R
1.5108005 1.5108005 1
1.5093205 1.5093205 1 R
1.5036983 1.5036983 1 R
1.4087396 1.4087396 3 R
1.4085507 1.4085507 3 R
1.4556942 1.4556942 2
1.5015144 1.5015144 1 R
1.4058045 1.4058045 3 R
1.3998581 1.3998581 3
1.4537687 1.4537687 2 R
1.4961054 1.4961054 1 R
1.397995 1.397995 3
1.4514034 1.4514034 2 R
1.4488583 1.4488583 2
1.4407393 1.4407393 2 R
1.4933784 1.4933784 1 R
1.4894478 1.4894478 1 R
1.4832538 1.4832538 1 R
1.3834642 1.3834642 3 R
1.4822072 1.4822072 1
1.4717548 1.4717548 1 R
1.4703517 1.4703517 1
1.3829232 1.3829232 3 R
1.4374943 1.4374943 2 R
1.4702163 1.4702163 1
1.4372733 1.4372733 2 R
1.4702029 1.4702029 1 R
1.4353676 1.4353676 2 R
1.4682252 1.4682252 1
1.4672863 1.4672863 1 R
1.4331734 1.4331734 2 R
1.4609811 1.4609811 1 R
1.4282427 1.4282427 2 R
1.4252651 1.4252651 2 R
1.4245677 1.4245677 2 R
1.3738098 1.3738098 3 R
1.3729157 1.3729157 3 R
1.4524693 1.4524693 1 R
1.4210749 1.4210749 2
1.3727005 1.3727005 3
1.4210575 1.4210575 2 R
1.3722057 1.3722057 3
1.4503443 1.4503443 1 R
1.4494207 1.4494207 1 R
1.3675406 1.3675406 3
1.4180788 1.4180788 2
1.3650599 1.3650599 3 R
1.4177582 1.4177582 2 R
1.4160602 1.4160602 2
1.4135631 1.4135631 2 R
1.4423778 1.4423778 1 R
1.4343193 1.4343193 1 R
1.3636614 1.3636614 3
1.4131063 1.4131063 2 R
1.4108537 1.4108537 2 R
1.4339322 1.4339322 1 R
1.3624856 1.3624856 3 R
1.360383 1.360383 3
1.4318041 1.4318041 1 R
1.4047984 1.4047984 2 R
1.4268773 1.4268773 1 R
1.3581228 1.3581228 3 R
1.3580358 1.3580358 3
1.4259381 1.4259381 1 R
1.3982587 1.3982587 2 R
1.4240141 1.4240141 1 R
1.3923843 1.3923843 2
1.4231968 1.4231968 1 R
1.3574106 1.3574106 3 R
1.3570678 1.3570678 3 R
1.3910623 1.3910623 2 R
1.3903029 1.3903029 2
1.3902653 1.3902653 2
1.4215193 1.4215193 1
1.3551835 1.3551835 3 R
1.3536291 1.3536291 3 R
1.386801 1.386801 2
1.372081 1.372081 2 R
1.349261 1.349261 3 R
1.4118437 1.4118437 1 R
1.3458205 1.3458205 3 R
1.4115313 1.4115313 1 R
1.4107468 1.4107468 1 R
1.34527 1.34527 3 R
1.4092498 1.4092498 1 R
1.33518 1.33518 3
1.3682404 1.3682404 2
1.3668537 1.3668537 2 R
1.3347831 1.3347831 3 R
1.3651308 1.3651308 2
1.4090427 1.4090427 1 R
1.3645777 1.3645777 2 R
1.3628018 1.3628018 2 R
1.4047991 1.4047991 1 R
1.3335292 1.3335292 3 R
1.4003251 1.4003251 1 R
1.3966739 1.3966739 1 R
1.3941674 1.3941674 1 R
1.3582408 1.3582408 2 R
1.3920615 1.3920615 1 R
1.3580871 1.3580871 2 R
1.3513901 1.3513901 2 R
1.3494099 1.3494099 2
1.3863139 1.3863139 1 R
1.385016 1.385016 1 R
1.3834274 1.3834274 1 R
1.348579 1.348579 2 R
1.3328149 1.3328149 3 R
1.3468647 1.3468647 2
1.3287983 1.3287983 3 R
1.3464792 1.3464792 2
1.3804669 1.3804669 1
1.3281934 1.3281934 3 R
1.3451985 1.3451985 2
1.380199 1.380199 1 R
1.3779689 1.3779689 1 R
1.3281462 1.3281462 3 R
1.3279651 1.3279651 3 R
1.371135 1.371135 1 R
1.3251178 1.3251178 3 R
1.3706218 1.3706218 1 R
1.3226602 1.3226602 3 R
1.3444912 1.3444912 2
1.3203368 1.3203368 3
1.3679439 1.3679439 1 R
1.3194892 1.3194892 3 R
1.3193042 1.3193042 3
1.315763 1.315763 3 R
1.3672249 1.3672249 1 R
1.3425975 1.3425975 2 R
1.3420055 1.3420055 2
1.3387823 1.3387823 2 R
1.3670787 1.3670787 1
1.3664401 1.3664401 1 R
1.3364646 1.3364646 2 R
1.3622097 1.3622097 1 R
1.3604665 1.3604665 1 R
1.3590577 1.3590577 1 R
1.3339 1.3339 2 R
1.3297265 1.3297265 2
1.329237 1.329237 2 R
1.3563313 1.3563313 1 R
1.3551803 1.3551803 1
1.354826 1.354826 1
1.3545189 1.3545189 1 R
1.3141333 1.3141333 3 R
1.3535848 1.3535848 1 R
1.3522418 1.3522418 1
1.327473 1.327473 2 R
1.349888 1.349888 1 R
1.312812 1.312812 3 R
1.3494343 1.3494343 1 R
1.3474121 1.3474121 1
1.3101174 1.3101174 3
1.3235114 1.3235114 2 R
1.3225994 1.3225994 2 R
1.3205636 1.3205636 2
1.3073462 1.3073462 3 R
1.307234 1.307234 3 R
1.3202267 1.3202267 2 R
1.3450525 1.3450525 1 R
1.2990551 1.2990551 3 R
1.313604 1.313604 2
1.3132261 1.3132261 2 R
1.2974148 1.2974148 3 R
1.3118227 1.3118227 2
1.2965323 1.2965323 3 R
1.2935088 1.2935088 3 R
1.2891417 1.2891417 3 R
1.2881781 1.2881781 3 R
1.2855369 1.2855369 3 R
1.3031315 1.3031315 2 R
1.3031111 1.3031111 2 R
1.3448151 1.3448151 1 R
1.2854993 1.2854993 3 R
1.343123 1.343123 1
1.3424026 1.3424026 1 R
1.3012511 1.3012511 2
1.2848201 1.2848201 3 R
1.3419662 1.3419662 1
1.3411875 1.3411875 1 R
1.2840347 1.2840347 3 R
1.3008775 1.3008775 2 R
1.2838758 1.2838758 3
1.2986214 1.2986214 2 R
1.2957401 1.2957401 2 R
1.3408958 1.3408958 1 R
1.2807789 1.2807789 3 R
1.2777656 1.2777656 3 R
1.3396021 1.3396021 1 R
1.3381841 1.3381841 1
1.2906035 1.2906035 2 R
1.2761506 1.2761506 3 R
1.2905486 1.2905486 2 R
1.3364348 1.3364348 1 R
1.2744306 1.2744306 3 R
1.3353608 1.3353608 1 R
1.287941 1.287941 2 R
1.3342245 1.3342245 1
1.2739127 1.2739127 3
1.2862335 1.2862335 2 R
1.3333366 1.3333366 1 R
1.2860738 1.2860738 2 R
1.2853469 1.2853469 2 R
1.2817444 1.2817444 2 R
1.272126 1.272126 3
1.3296394 1.3296394 1
1.3289077 1.3289077 1
1.2716476 1.2716476 3 R
1.2812351 1.2812351 2
1.270486 1.270486 3
1.2755833 1.2755833 2 R
1.2685583 1.2685583 3 R
1.3260227 1.3260227 1 R
1.2667897 1.2667897 3
1.3257725 1.3257725 1 R
1.2750858 1.2750858 2 R
1.2633394 1.2633394 3
1.3223881 1.3223881 1
1.2610157 1.2610157 3 R
1.2725248 1.2725248 2 R
1.2585726 1.2585726 3 R
1.2704679 1.2704679 2 R
1.3213357 1.3213357 1 R
1.2703114 1.2703114 2 R
1.3207211 1.3207211 1 R
1.2689924 1.2689924 2 R
1.2584691 1.2584691 3 R
1.3200542 1.3200542 1 R
1.2568848 1.2568848 3
1.2549103 1.2549103 3 R
1.3183998 1.3183998 1 R
1.3068806 1.3068806 1
1.2537549 1.2537549 3 R
1.2650324 1.2650324 2 R
1.2534122 1.2534122 3 R
1.3061872 1.3061872 1
1.2643976 1.2643976 2 R
1.3035985 1.3035985 1 R
1.3005238 1.3005238 1 R
1.2632983 1.2632983 2 R
1.2966734 1.2966734 1
1.291674 1.291674 1 R
1.2631248 1.2631248 2
1.2528422 1.2528422 3 R
1.2613934 1.2613934 2
1.2519966 1.2519966 3 R
1.285421 1.285421 1
1.2593175 1.2593175 2 R
1.2504299 1.2504299 3
1.2810841 1.2810841 1
1.2563788 1.2563788 2 R
1.2804595 1.2804595 1 R
1.249083 1.249083 3
1.2480829 1.2480829 3 R
1.2558559 1.2558559 2 R
1.2788671 1.2788671 1
1.2766814 1.2766814 1 R
1.2758924 1.2758924 1
1.2468675 1.2468675 3 R
1.2454417 1.2454417 3 R
1.2724526 1.2724526 1 R
1.2547909 1.2547909 2
1.2701238 1.2701238 1 R
1.253963 1.253963 2 R
1.2533607 1.2533607 2 R
1.2568101 1.2568101 1 R
1.2523614 1.2523614 2 R
1.2562766 1.2562766 1 R
1.2561224 1.2561224 1 R
1.2407833 1.2407833 3 R
1.2390726 1.2390726 3 R
1.2536833 1.2536833 1 R
1.2387769 1.2387769 3 R
1.23836 1.23836 3
1.2530588 1.2530588 1 R
1.2510662 1.2510662 2
1.2372444 1.2372444 3 R
1.2359918 1.2359918 3 R
1.2489676 1.2489676 2 R
1.2350606 1.2350606 3 R
1.2475376 1.2475376 2 R
1.2290853 1.2290853 3
1.2506578 1.2506578 1 R
1.227757 1.227757 3 R
1.2498733 1.2498733 1 R
1.2254472 1.2254472 3 R
1.2495551 1.2495551 1 R
1.2218499 1.2218499 3 R
1.2201563 1.2201563 3
1.2449993 1.2449993 1 R
1.2144191 1.2144191 3 R
1.2125928 1.2125928 3 R
1.2386358 1.2386358 1 R
1.2373426 1.2373426 1
1.2474909 1.2474909 2 R
1.2123972 1.2123972 3
1.2110989 1.2110989 3 R
1.2456069 1.2456069 2 R
1.2433354 1.2433354 2 R
1.2066001 1.2066001 3 R
1.2055361 1.2055361 3
1.2406029 1.2406029 2 R
1.2052996 1.2052996 3 R
1.2010527 1.2010527 3 R
1.2000374 1.2000374 3 R
1.2383258 1.2383258 2 R
1.2360425 1.2360425 1 R
1.1996353 1.1996353 3 R
1.1986465 1.1986465 3 R
1.2378148 1.2378148 2
1.2369604 1.2369604 2 R
1.1954918 1.1954918 3 R
1.1950641 1.1950641 3
1.1939567 1.1939567 3 R
1.1938454 1.1938454 3
1.2324072 1.2324072 1 R
1.1925288 1.1925288 3 R
1.1924608 1.1924608 3
1.2353714 1.2353714 2 R
1.1911689 1.1911689 3
1.229556 1.229556 1
1.1877923 1.1877923 3 R
1.1869587 1.1869587 3 R
1.1867917 1.1867917 3 R
1.1866828 1.1866828 3 R
1.2350382 1.2350382 2 R
1.1825427 1.1825427 3 R
1.2272526 1.2272526 1 R
1.2258085 1.2258085 1 R
1.1825149 1.1825149 3
1.1823488 1.1823488 3
1.2304775 1.2304775 2
1.2289474 1.2289474 2 R
1.2280869 1.2280869 2 R
1.1817803 1.1817803 3 R
1.2265923 1.2265923 2 R
1.1815057 1.1815057 3 R
1.1803575 1.1803575 3 R
1.2216917 1.2216917 2 R
1.1796255 1.1796255 3 R
1.2201285 1.2201285 2
1.1787779 1.1787779 3 R
1.2255903 1.2255903 1 R
1.1768978 1.1768978 3 R
1.1753122 1.1753122 3
1.224094 1.224094 1 R
1.2194841 1.2194841 2 R
1.1742365 1.1742365 3 R
1.1728811 1.1728811 3 R
1.1726315 1.1726315 3
1.1722473 1.1722473 3 R
1.1722165 1.1722165 3 R
1.2164624 1.2164624 2 R
1.2155172 1.2155172 2 R
1.1721087 1.1721087 3 R
1.2200232 1.2200232 1 R
1.2151643 1.2151643 2 R
1.1700801 1.1700801 3 R
1.2186297 1.2186297 1 R
1.1697123 1.1697123 3 R
1.2113297 1.2113297 2 R
1.2168183 1.2168183 1 R
1.1692195 1.1692195 3 R
1.2162404 1.2162404 1
1.1676673 1.1676673 3 R
1.2065794 1.2065794 2 R
1.2153096 1.2153096 1 R
1.2144691 1.2144691 1 R
1.1673704 1.1673704 3 R
1.1655843 1.1655843 3 R
1.1641612 1.1641612 3 R
1.2064658 1.2064658 2 R
1.2056118 1.2056118 2 R
1.2053847 1.2053847 2
1.1637384 1.1637384 3 R
1.2046281 1.2046281 2
1.2022239 1.2022239 2
1.1631528 1.1631528 3
1.2014017 1.2014017 2 R
1.1997156 1.1997156 2 R
1.214444 1.214444 1 R
1.1974205 1.1974205 2 R
1.2137805 1.2137805 1
1.2127604 1.2127604 1 R
1.159023 1.159023 3 R
1.1584886 1.1584886 3 R
1.1970986 1.1970986 2 R
1.196589 1.196589 2 R
1.1959513 1.1959513 2 R
1.1579422 1.1579422 3 R
1.2115802 1.2115802 1 R
1.1930721 1.1930721 2 R
1.2110397 1.2110397 1 R
1.1917691 1.1917691 2 R
1.1902052 1.1902052 2 R
1.2110341 1.2110341 1 R
1.2072781 1.2072781 1
1.1560142 1.1560142 3 R
1.1894835 1.1894835 2 R
1.1548584 1.1548584 3 R
1.1546671 1.1546671 3 R
1.1543868 1.1543868 3 R
1.1882759 1.1882759 2 R
1.1871023 1.1871023 2 R
1.1542335 1.1542335 3 R
1.1867584 1.1867584 2 R
1.205368 1.205368 1 R
1.1830696 1.1830696 2 R
1.1808878 1.1808878 2 R
1.18028 1.18028 2 R
1.1521411 1.1521411 3
1.1519212 1.1519212 3 R
1.205228 1.205228 1 R
1.1799917 1.1799917 2 R
1.2049376 1.2049376 1 R
1.1502336 1.1502336 3 R
1.2027369 1.2027369 1 R
1.1492815 1.1492815 3 R
1.145931 1.145931 3 R
1.1458939 1.1458939 3 R
1.1447976 1.1447976 3 R
1.2012962 1.2012962 1
1.1443835 1.1443835 3 R
1.1790826 1.1790826 2 R
1.1769545 1.1769545 2 R
1.1985333 1.1985333 1 R
1.1399763 1.1399763 3
1.1397799 1.1397799 3 R
1.1378022 1.1378022 3
1.1982579 1.1982579 1 R
1.1946321 1.1946321 1 R
1.1768967 1.1768967 2
1.193033 1.193033 1 R
1.1911237 1.1911237 1
1.1908201 1.1908201 1 R
1.1368359 1.1368359 3
1.1749133 1.1749133 2 R
1.1711688 1.1711688 2
1.1359324 1.1359324 3 R
1.1877676 1.1877676 1 R
1.1356814 1.1356814 3 R
1.1710267 1.1710267 2
1.1694057 1.1694057 2 R
1.1688408 1.1688408 2 R
1.1674963 1.1674963 2 R
1.1861417 1.1861417 1 R
1.1671091 1.1671091 2 R
1.1646327 1.1646327 2 R
1.1831856 1.1831856 1 R
1.1308852 1.1308852 3 R
1.1820951 1.1820951 1 R
1.163486 1.163486 2 R
1.1820641 1.1820641 1 R
1.1285714 1.1285714 3 R
1.1801847 1.1801847 1 R
1.1280435 1.1280435 3 R
1.1278614 1.1278614 3 R
1.1274567 1.1274567 3 R
1.1783712 1.1783712 1 R
1.1595647 1.1595647 2 R
1.1260881 1.1260881 3 R
1.1574482 1.1574482 2 R
1.1777089 1.1777089 1 R
1.1570561 1.1570561 2 R
1.1773061 1.1773061 1 R
1.1250751 1.1250751 3 R
1.1734314 1.1734314 1 R
1.1715031 1.1715031 1
1.1674435 1.1674435 1 R
1.1247501 1.1247501 3
1.1242906 1.1242906 3 R
1.1238682 1.1238682 3
1.1236937 1.1236937 3 R
1.1230363 1.1230363 3
1.1569561 1.1569561 2 R
1.1210787 1.1210787 3 R
1.1669606 1.1669606 1 R
1.1209168 1.1209168 3 R
1.1208007 1.1208007 3 R
1.12073 1.12073 3 R
1.1664166 1.1664166 1 R
1.1539834 1.1539834 2 R
1.1192683 1.1192683 3
1.1532495 1.1532495 2
1.1640326 1.1640326 1 R
1.1171889 1.1171889 3 R
1.1529689 1.1529689 2 R
1.1635838 1.1635838 1 R
1.162931 1.162931 1 R
1.1625516 1.1625516 1
1.1160793 1.1160793 3 R
1.1155561 1.1155561 3
1.1523942 1.1523942 2 R
1.161803 1.161803 1
1.1576788 1.1576788 1 R
1.115342 1.115342 3
1.1148235 1.1148235 3 R
1.1569583 1.1569583 1 R
1.1136889 1.1136889 3 R
1.1106502 1.1106502 3 R
1.1084836 1.1084836 3 R
1.1520183 1.1520183 2
1.1568129 1.1568129 1
1.107492 1.107492 3
1.1485149 1.1485149 2 R
1.1463643 1.1463643 2 R
1.1559776 1.1559776 1 R
1.1461874 1.1461874 2 R
1.1532559 1.1532559 1 R
1.1525843 1.1525843 1 R
1.1441237 1.1441237 2 R
1.1053287 1.1053287 3 R
1.1052786 1.1052786 3 R
1.1041067 1.1041067 3 R
1.1524934 1.1524934 1 R
1.1430566 1.1430566 2 R
1.1024911 1.1024911 3 R
1.1408008 1.1408008 2 R
1.1520171 1.1520171 1 R
1.1007129 1.1007129 3 R
1.1515915 1.1515915 1 R
1.140097 1.140097 2 R
1.1514325 1.1514325 1 R
1.10023 1.10023 3
1.1513712 1.1513712 1
1.1507689 1.1507689 1 R
1.1487083 1.1487083 1 R
1.1483995 1.1483995 1
1.143393 1.143393 1
1.1381224 1.1381224 2 R
1.0986497 1.0986497 3 R
1.1375914 1.1375914 2 R
1.142923 1.142923 1 R
1.1426367 1.1426367 1 R
1.1356118 1.1356118 2 R
1.1339527 1.1339527 2 R
1.1324106 1.1324106 2 R
1.1390821 1.1390821 1 R
1.1384493 1.1384493 1 R
1.1358818 1.1358818 1 R
1.1311841 1.1311841 2 R
1.133872 1.133872 1 R
1.0980178 1.0980178 3 R
1.0960671 1.0960671 3 R
1.09575 1.09575 3 R
1.0947589 1.0947589 3 R
1.1298347 1.1298347 2 R
1.1317204 1.1317204 1 R
1.1298946 1.1298946 1 R
1.129724 1.129724 1 R
1.1269495 1.1269495 1 R
1.1292912 1.1292912 2 R
1.124952 1.124952 1 R
1.1263266 1.1263266 2 R
1.0927228 1.0927228 3
1.1257411 1.1257411 2 R
1.1186992 1.1186992 1
1.117771 1.117771 1 R
1.1256466 1.1256466 2 R
1.123812 1.123812 2 R
1.0921236 1.0921236 3 R
1.1175675 1.1175675 1 R
1.091961 1.091961 3 R
1.0906752 1.0906752 3 R
1.1233578 1.1233578 2
1.122521 1.122521 2 R
1.1220927 1.1220927 2 R
1.087384 1.087384 3 R
1.0870175 1.0870175 3 R
1.1161513 1.1161513 1 R
1.0868645 1.0868645 3 R
1.1140221 1.1140221 1 R
1.0867076 1.0867076 3 R
1.0866495 1.0866495 3 R
1.1206576 1.1206576 2 R
1.0865921 1.0865921 3
1.1201038 1.1201038 2 R
1.1193875 1.1193875 2 R
1.113711 1.113711 1 R
1.0861591 1.0861591 3 R
1.0854478 1.0854478 3 R
1.1134288 1.1134288 1 R
1.0853904 1.0853904 3 R
1.0848315 1.0848315 3
1.1134005 1.1134005 1 R
1.1181291 1.1181291 2 R
1.083268 1.083268 3 R
1.1171277 1.1171277 2 R
1.1146541 1.1146541 2 R
1.0829121 1.0829121 3 R
1.1129341 1.1129341 1 R
1.1129318 1.1129318 2 R
1.1119691 1.1119691 1 R
1.0829091 1.0829091 3 R
1.1110348 1.1110348 1 R
1.1082449 1.1082449 1 R
1.102832 1.102832 1 R
1.1125309 1.1125309 2 R
1.0828817 1.0828817 3 R
1.1016332 1.1016332 1 R
1.1014527 1.1014527 1
1.1114986 1.1114986 2 R
1.0982972 1.0982972 1 R
1.1108356 1.1108356 2 R
1.0822759 1.0822759 3 R
1.0980836 1.0980836 1 R
1.10733 1.10733 2 R
1.1060121 1.1060121 2 R
1.1011178 1.1011178 2 R
1.0966996 1.0966996 1 R
1.0814395 1.0814395 3 R
1.0814147 1.0814147 3 R
1.1010764 1.1010764 2 R
1.0963916 1.0963916 1 R
1.0991352 1.0991352 2 R
1.0981989 1.0981989 2
1.0961452 1.0961452 1
1.0957459 1.0957459 1 R
1.0954409 1.0954409 1
1.0942836 1.0942836 1 R
1.0960791 1.0960791 2 R
1.0925603 1.0925603 1
1.0811152 1.0811152 3 R
1.0954314 1.0954314 2 R
1.080449 1.080449 3 R
1.0916777 1.0916777 1 R
1.077033 1.077033 3 R
1.075423 1.075423 3
1.0721577 1.0721577 3 R
1.0946852 1.0946852 2 R
1.0707623 1.0707623 3 R
1.0692911 1.0692911 3 R
1.0931025 1.0931025 2
1.0913881 1.0913881 1
1.0680063 1.0680063 3
1.0925808 1.0925808 2 R
1.0903407 1.0903407 1
1.0902876 1.0902876 1
1.0922824 1.0922824 2 R
1.0885119 1.0885119 1 R
1.0922549 1.0922549 2 R
1.0677484 1.0677484 3 R
1.0883768 1.0883768 1 R
1.0912087 1.0912087 2 R
1.0879629 1.0879629 1
1.0879481 1.0879481 1 R
1.0673633 1.0673633 3 R
1.0892463 1.0892463 2 R
1.0847676 1.0847676 1 R
1.0672213 1.0672213 3 R
1.0656742 1.0656742 3 R
1.065658 1.065658 3 R
1.0845451 1.0845451 1
1.0842481 1.0842481 1 R
1.0652994 1.0652994 3 R
1.0649902 1.0649902 3
1.0857077 1.0857077 2 R
1.0641856 1.0641856 3
1.0641659 1.0641659 3 R
1.0839529 1.0839529 1 R
1.0855066 1.0855066 2 R
1.0631143 1.0631143 3
1.0629368 1.0629368 3 R
1.0838834 1.0838834 1
1.0846622 1.0846622 2
1.084572 1.084572 2
1.0843756 1.0843756 2
1.0828737 1.0828737 1 R
1.0830426 1.0830426 2
1.0815572 1.0815572 2 R
1.0814927 1.0814927 1 R
1.0812261 1.0812261 1 R
1.0809509 1.0809509 1 R
1.0627701 1.0627701 3 R
1.0773172 1.0773172 2 R
1.0623527 1.0623527 3 R
1.0716558 1.0716558 2 R
1.0619226 1.0619226 3 R
1.0697132 1.0697132 2 R
1.0615237 1.0615237 3 R
1.0612824 1.0612824 3 R
1.0806377 1.0806377 1
1.0682985 1.0682985 2 R
1.0794781 1.0794781 1 R
1.0611613 1.0611613 3 R
1.0593896 1.0593896 3
1.0592005 1.0592005 3 R
1.0651525 1.0651525 2 R
1.0783346 1.0783346 1
1.0650945 1.0650945 2
1.0641725 1.0641725 2 R
1.0622647 1.0622647 2
1.0584365 1.0584365 2 R
1.0581514 1.0581514 2 R
1.056645 1.056645 2 R
1.0755187 1.0755187 1 R
1.0591674 1.0591674 3
1.057121 1.057121 3 R
1.0555024 1.0555024 2 R
1.0566543 1.0566543 3
1.0745218 1.0745218 1 R
1.0544305 1.0544305 2 R
1.0544269 1.0544269 2 R
1.0565073 1.0565073 3 R
1.0740969 1.0740969 1 R
1.0564929 1.0564929 3
1.0560288 1.0560288 3 R
1.0523747 1.0523747 3 R
1.072826 1.072826 1 R
1.0535158 1.0535158 2 R
1.0718795 1.0718795 1 R
1.0533491 1.0533491 2 R
1.0717269 1.0717269 1 R
1.0708981 1.0708981 1 R
1.0501126 1.0501126 3 R
1.0697571 1.0697571 1 R
1.0692437 1.0692437 1 R
1.0499294 1.0499294 3 R
1.0681094 1.0681094 1 R
1.0671495 1.0671495 1 R
1.049214 1.049214 3
1.0531255 1.0531255 2 R
1.0667051 1.0667051 1 R
1.0490965 1.0490965 3 R
1.0485073 1.0485073 3 R
1.0470425 1.0470425 2 R
1.0647261 1.0647261 1 R
1.0643142 1.0643142 1 R
1.0481164 1.0481164 3 R
1.0474591 1.0474591 3 R
1.046441 1.046441 3 R
1.0458231 1.0458231 2 R
1.0449806 1.0449806 2 R
1.0458632 1.0458632 3 R
1.063957 1.063957 1
1.045523 1.045523 3 R
1.0421026 1.0421026 2 R
1.0417881 1.0417881 2 R
1.0431436 1.0431436 3 R
1.0401181 1.0401181 3 R
1.0378482 1.0378482 3 R
1.0356224 1.0356224 3
1.0633793 1.0633793 1
1.0406111 1.0406111 2 R
1.039502 1.039502 2 R
1.0627053 1.0627053 1 R
1.0581801 1.0581801 1 R
1.0333514 1.0333514 3 R
1.0565606 1.0565606 1 R
1.0564392 1.0564392 1 R
1.0392752 1.0392752 2
1.0558549 1.0558549 1 R
1.0392265 1.0392265 2 R
1.0549066 1.0549066 1 R
1.054538 1.054538 1 R
1.0537444 1.0537444 1 R
1.032092 1.032092 3
1.0390681 1.0390681 2 R
1.0535821 1.0535821 1 R
1.0387222 1.0387222 2 R
1.0320494 1.0320494 3 R
1.051598 1.051598 1
1.0503305 1.0503305 1 R
1.050269 1.050269 1 R
1.0318372 1.0318372 3
1.0315357 1.0315357 3 R
1.0308815 1.0308815 3 R
1.0502287 1.0502287 1 R
1.0301448 1.0301448 3 R
1.0497131 1.0497131 1 R
1.0300626 1.0300626 3 R
1.0297772 1.0297772 3 R
1.0379221 1.0379221 2
1.0373002 1.0373002 2 R
1.0469073 1.0469073 1 R
1.0357832 1.0357832 2 R
1.0294943 1.0294943 3 R
1.0245377 1.0245377 3 R
1.0238603 1.0238603 3 R
1.0465789 1.0465789 1 R
1.0344034 1.0344034 2 R
1.023834 1.023834 3 R
1.0237432 1.0237432 3 R
1.0335029 1.0335029 2 R
1.0229521 1.0229521 3 R
1.0435883 1.0435883 1
1.0409602 1.0409602 1 R
1.0403862 1.0403862 1 R
1.0401763 1.0401763 1 R
1.0331662 1.0331662 2 R
1.038554 1.038554 1 R
1.0227649 1.0227649 3 R
1.0319381 1.0319381 2 R
1.0222359 1.0222359 3 R
1.0379599 1.0379599 1 R
1.0362544 1.0362544 1 R
1.0208033 1.0208033 3 R
1.0201457 1.0201457 3 R
1.0358827 1.0358827 1 R
1.0317355 1.0317355 2 R
1.0185386 1.0185386 3 R
