Fracture Surface Area After Isolated Fracture and Cluster Removal
186.115
90.7304
117.781
192.557
76.5933
112.753
59.011
53.3432
51.7199
79.7424
54.8593
75.8112
111.029
93.8113
53.5774
94.1493
143.76
119.869
50.37
42.3895
106.503
97.6788
89.9882
43.8505
3.88368
131.586
88.666
7.94845
25.8285
30.4128
29.2013
42.0962
71.9424
86.1031
77.7725
71.2084
71.0438
45.9676
19.6974
16.1005
21.9384
24.2714
41.5353
18.3379
13.6693
70.1212
63.146
29.6651
68.0671
13.4131
66.2883
29.6686
6.39137
39.9241
10.6367
23.105
54.984
38.9947
60.0845
24.9926
46.7974
30.0553
48.6141
36.9604
11.3033
28.9821
47.048
19.8954
46.8674
9.08737
33.678
31.9553
3.42327
6.72406
19.1087
7.62762
4.96165
31.6645
2.54149
31.7387
23.6084
33.968
1.2759
30.8125
7.88861
29.8638
24.4163
18.6865
24.7628
23.2776
6.94887
2.35883
6.5919
3.43357
30.6598
22.0439
20.6231
20.3172
0.826862
7.49368
22.9199
15.703
20.2531
18.8909
4.06019
11.358
18.3509
18.5855
18.4983
19.1017
17.8949
17.5672
24.0699
11.5039
8.25529
17.3804
16.8645
16.8006
16.7014
19.2002
16.8242
16.4972
16.2462
13.573
15.9843
16.6101
23.3239
3.45614
23.3052
10.215
2.39787
22.482
16.4588
21.6261
14.656
15.0876
16.735
19.379
14.3276
19.0724
14.316
17.0978
17.6595
4.44674
17.1104
7.74229
0.514175
10.4268
12.3144
16.3735
12.3306
9.51855
1.93329
13.1623
11.8904
11.6902
12.352
12.2732
11.3074
2.0404
11.3059
14.8577
11.2311
11.3181
11.6584
11.9723
14.5828
5.47187
11.1043
11.6703
11.4441
12.9609
13.939
1.17483
10.5794
13.8307
6.27348
5.07259
10.8777
3.78369
10.357
12.9183
6.98951
12.8452
4.72307
1.64297
9.72022
9.74397
10.3213
10.2495
9.21571
10.0938
11.8305
8.11734
1.22725
11.7698
9.89714
9.15821
11.6872
9.60712
7.24482
10.7909
10.9117
9.37295
8.97838
6.27349
9.2515
8.94605
4.19868
8.69992
2.76355
1.78333
1.78178
10.1409
10.0733
8.47961
9.9127
5.84484
4.25352
8.54077
9.76271
2.0694
6.49575
8.206
8.36657
9.66556
7.67478
8.10155
0.603675
8.26354
9.55919
8.99953
1.47342
4.17298
8.18257
9.30876
5.31244
5.74939
1.54749
7.89922
7.88633
5.24927
7.35463
7.827
3.54498
8.58722
2.35091
7.79344
7.24924
5.90802
7.72264
7.56377
8.33897
8.26133
1.2733
7.31126
6.95199
6.3607
7.29545
6.65368
2.19926
7.64037
6.53062
7.54918
6.49476
6.42368
6.93086
6.90952
6.8576
2.69328
6.3167
4.94223
6.24525
7.35582
2.39784
6.15239
7.07978
6.54741
6.02765
5.9922
6.91364
6.84755
6.35714
5.11121
5.63617
6.29757
6.59081
6.4858
0.46802
6.46706
6.05836
5.65292
5.64885
5.6105
2.43136
4.59895
5.57872
5.55193
3.24768
5.8162
5.79883
1.97357
6.06215
5.76965
2.15347
5.61625
1.90794
5.46272
5.44213
5.43902
5.71707
1.41114
5.42297
5.22987
5.22169
5.40294
2.92262
5.30452
5.50954
5.50666
1.35692
1.71865
5.14922
5.23166
5.17667
4.47621
5.41194
5.07976
5.40262
3.44599
5.37221
5.34046
4.35432
0.735158
5.30382
3.3459
4.92469
4.8424
4.81427
4.78808
5.24613
4.73928
1.75378
5.11837
3.35152
4.78645
4.77334
4.95692
4.69072
4.92353
4.68063
4.9065
4.8837
0.857668
4.60061
4.6955
4.53195
2.75332
4.59305
4.40972
4.35995
0.43498
4.28453
4.2758
1.31527
4.25665
2.44143
4.19502
4.19385
4.54222
4.46614
2.56141
4.12519
0.150405
1.95922
1.40364
4.33603
2.5267
4.41979
4.37256
3.98229
4.32934
0.638843
3.88378
4.14713
4.25633
3.87719
4.11491
4.11391
4.11726
3.79519
3.78924
3.78363
3.75828
3.98995
4.05458
3.7334
4.04936
0.257581
1.23141
1.76905
3.67962
3.63152
0.89639
3.95646
3.92204
2.44415
3.75446
3.7858
3.54205
3.53058
3.63959
3.53184
2.59768
2.02391
3.58106
3.4696
3.58462
1.17845
3.42191
3.56653
3.56618
3.55099
3.52871
2.49338
3.39747
3.3408
3.52441
3.52948
3.52889
3.52761
3.51894
3.50333
3.36692
3.48842
3.40328
3.38522
3.36551
3.34956
3.34853
3.30255
3.39601
3.21754
3.39233
3.24028
1.89395
3.31757
1.89721
3.02811
3.26723
