Format: x y z  (R = removed from domain due to fracture isolation)
-5.170593077 10.05056033 -3.644831024
-13.65988663 9.046922938 6.300227718
9.922925338 7.564419945 -11.43763232
-10.62301482 -3.260676305 4.324800902
14.97255053 -6.159595302 3.50591269
-4.256157026 -0.1649026823 12.49998389
12.34377644 -0.1472270492 -11.20863502
0.1958566921 2.765391554 -13.97921547
10.153187 11.29299531 -10.37025138
0.1608589511 4.162672025 13.48824054 R
-10.50638392 -10.42819995 3.139906446
14.29529141 -9.768214356 0.5940421847
-6.774070443 -14.29705145 -11.7058493 R
-3.232454349 11.82594963 -10.84838518
-6.952303192 -4.94127639 6.971730501
2.560520475 -9.615117443 0.5739839904
13.86519215 -9.242994026 6.806047814
-6.689236175 -11.23772462 -2.904663901
12.15219176 -11.52446918 -9.274771086 R
3.847444384 -13.60438237 5.626052537 R
0.437699838 0.8027249364 -6.539899872
9.25326991 -4.345386559 9.609571282
-14.17682921 -2.535773905 6.779337939
-0.2593492262 -14.18391724 -4.35006061
11.72983278 12.54240456 9.853048428 R
1.348024322 2.406076953 -9.86826077
6.89395088 0.435699314 6.538780559
-4.834198276 3.40721125 -1.117143447
6.448694982 -13.10439047 2.876308264 R
-11.78067137 -11.09152821 8.965515024
14.90761972 0.1566099927 -14.27437085
-9.871647087 -10.6642139 -11.0905346 R
2.548813894 -4.158029683 4.775663295
-6.154463622 7.554892848 9.75470603
-0.5557499924 14.48377564 14.55030923
8.406057928 13.94708481 -3.268987748
11.90251783 -3.279824761 -11.13333801
-5.534274159 -9.178617464 13.38459119
13.41814031 -4.541550272 -7.242659342 R
5.439514854 0.2185634149 12.00026465
-5.25081471 0.06322159326 -2.766818427
7.960868481 -6.329142676 -3.441624282
-9.896504805 6.563235834 1.363708272
1.302413798 9.678869971 0.251718382
-0.841367055 -4.963081165 4.799815688 R
-2.701020523 -12.69632497 4.938997663 R
7.603344533 2.827067927 -4.638281904
0.7774639285 -5.825896623 12.45752882
-7.931970541 7.398272319 13.99515876
-4.106237884 -2.489741289 -14.59541368
13.64520986 -11.11147879 10.4591734
13.33119106 -13.56432148 -7.420752386 R
-3.951384037 13.82062955 -0.01821665212
1.353678421 5.994277018 -11.84647051
-14.32195495 10.49640835 -4.502510977 R
5.216211775 9.121942885 10.00981115 R
14.86204514 6.127795585 -7.655867347 R
12.73430362 -4.260859228 11.73347379
-9.486791617 10.24551137 14.22596706
8.301768937 -14.65497646 11.44895953 R
5.33845603 -2.121510962 -3.894644511
-0.518058988 8.536339561 10.56702256
-8.876633059 6.301223255 -12.04544138
7.825887596 5.774078998 -7.957560305
-1.652601096 -13.92882813 -11.67430061
-4.492890772 -7.796657769 0.5210521338
-14.89821246 -7.086956105 -12.41875124 R
-8.256948852 7.347087716 -11.56261157
-14.4342007 -1.901488761 -14.53317157 R
-6.999648744 -5.858110242 -12.19072962 R
2.243651685 7.389925334 -14.50356022
4.04309673 9.291797015 0.1548819184
5.523135444 0.630514221 -14.91721072
13.42051151 -2.840401643 -10.97564792
4.750438411 4.72722475 3.963376108
-5.858723975 7.371090479 -4.07921417
-12.35145716 -12.57421799 -11.09838852 R
-12.08240265 10.55027472 -9.123173899 R
1.492079952 -5.750505691 -8.033675269
-4.075483705 12.73151081 -2.630549492
2.647621343 -7.121793989 -10.45398803
2.811355187 -11.92086724 -8.670616482
-6.441789698 7.908228866 3.005176572
8.987212516 8.576706138 0.07735583696
-11.10125559 -3.207168219 -12.24059494 R
-13.04067296 -10.82383315 -13.17510666 R
6.204917342 -5.734519706 14.29626444
-0.681873501 9.258971053 -11.83286479
-9.935964968 5.936331445 -9.211608818
-12.22375269 3.413797677 -3.24557993
-6.989610672 -6.081662983 2.50158369
-13.04202317 13.24050116 -1.416662394 R
-4.852204606 -14.25127281 -0.2421361323
-0.6763774033 3.937353406 -8.777246715
-14.9413367 10.90621567 8.167247937 R
14.4124718 4.203414472 -1.347031816 R
6.186268869 9.715555267 -12.51686889 R
-5.368158424 -14.19310368 13.40316212 R
-5.056950427 -7.957148444 -6.265259335 R
11.61210514 11.59873675 4.292953269 R
9.287611302 1.550076196 10.31096228
-1.307056567 -9.757172172 14.80513868
-8.148739164 13.52679577 -12.2168262
-14.4844689 3.001778615 -7.256159076 R
-11.87041748 -12.05015306 0.2114561286
-1.251115555 13.93844974 -2.985755804
-13.26747151 -11.74632558 -6.627896266 R
-0.04111981543 -14.57903158 -0.3879037127 R
-4.685740417 -14.24351715 -1.906347839
-4.231270039 -4.336045544 -9.478220647 R
8.600361511 2.579345508 3.720296102
10.13239669 -5.156562196 -14.79509719
14.17935578 -13.48468728 -6.145291817 R
9.820807338 -1.3502091 0.2087842425
6.587315161 4.064557603 0.3385097765 R
5.771204735 5.52611105 14.69843969 R
-14.99111311 -3.096333849 -9.682800497 R
-11.3399727 5.232367059 8.022469064
5.833488914 -6.509808375 -5.268239758
-14.68505835 12.70797915 -3.488409194 R
-8.424221436 14.83838367 4.506966692
-0.4209841399 -5.074221342 3.862707122 R
-6.707574613 -10.36330791 9.904629823
6.827899886 13.1676161 5.384190541 R
-1.089012655 10.37694004 -13.27379533
11.80672214 -11.39964027 -10.56494616 R
-4.042466075 1.88487756 8.900745167
1.54579026 -13.61272167 9.866241946 R
-8.571970896 12.18481312 2.009719548 R
6.497781579 9.653336004 -13.9961579 R
-8.123520026 -10.1290834 -9.526328026 R
-3.11430769 -14.67532454 2.668898529 R
0.1545067894 12.46272483 -9.738659641 R
-1.820239767 4.809317676 -0.9120257365
-0.2659623165 13.61441851 1.650553828 R
-2.152342819 -11.19379553 13.57510218 R
-2.863276302 12.96004901 5.404446192 R
10.51663683 -11.3470188 1.327046226
5.020634894 -6.367330348 6.305416409
-0.6039730566 6.98087895 9.388186692
4.616814842 -13.19962893 2.846897504 R
-13.92379565 -9.850368719 5.360282523
-14.41380443 -2.273885015 10.94686479
-4.745222903 14.96175167 5.342042211 R
2.280115522 -0.5633585475 -13.50843181
2.822641487 -4.370865571 -14.11051074
13.57257187 1.641429725 -7.265940237 R
-5.772757126 3.65784692 -4.251156631
9.47014153 -3.635345467 3.984031228
-5.588338602 7.456229026 -8.374813364
-5.220779795 5.001119254 1.478807851
4.584539929 14.71229737 0.7192050229 R
0.6088300818 0.7373259644 -14.7042987
13.13883935 -1.089794325 7.876600259
11.40237732 -2.122024811 14.34949483 R
0.362347309 -10.88194306 -11.42319398
-11.44420872 -8.609638527 9.126816367
-2.161365279 3.209808257 5.425597468
4.682186324 14.01454805 7.24733587 R
1.769988394 -14.15964192 -2.203297924 R
-10.60148136 0.05246272743 -5.967182788 R
-11.02597094 14.33767222 -3.083057419 R
-2.311358318 -7.434376671 -13.60424213 R
9.949873868 -13.43409582 7.996665362 R
0.8406543244 5.642738961 2.265288547
-3.170113504 -12.62029612 9.360675035 R
14.72122791 7.954451592 -8.832228111 R
-11.2873686 -7.689918563 -11.64510622 R
14.36586199 6.496136344 1.06318676 R
4.025163067 12.33940532 2.637387153 R
-8.655249195 13.9440217 -4.115478052 R
-0.4962365943 -13.54971469 -7.984470492 R
4.14522575 -8.225050162 -13.72060173
8.853213878 -13.60356179 12.79130254 R
-13.24674014 14.63189844 -7.553980012 R
11.27397471 6.675577736 10.82925435 R
-12.68922091 -3.069539877 1.533627748
1.150034766 14.86061071 3.946308433 R
-14.18112943 -2.929252988 -9.890645851 R
8.350430879 -8.808711292 7.443068885
-4.529526073 -5.869994242 6.727568936
6.682763043 -7.321087986 6.025193243
12.7503053 13.26097284 -2.831970448 R
-3.773174554 8.923371937 -14.28031071 R
-4.679864237 11.17818258 4.391326519
8.548518989 3.913203461 14.42466822 R
-0.5443611098 -7.091831862 -2.044154634
3.932377673 1.232079284 -6.064860917
9.733559489 -2.009951646 0.2653065541
12.63667044 2.67766759 1.540346138 R
-3.8966574 12.00806974 -4.610418402
-0.1001013951 -8.023962761 12.59250418
-12.11571063 -1.613250157 -7.062188661 R
0.9801089648 7.883523317 -6.108377644
5.603124278 -6.865030349 -0.2542255256
-4.242432576 -0.9660294095 -2.381642749
-2.30260514 9.880815893 -9.518424767
10.12010253 -10.99066545 1.079289008
-1.643277111 -14.18247787 -12.5610832 R
1.928623798 12.95205637 -2.715076156 R
0.8283227204 -1.054129037 -0.2988591494 R
-1.529810067 -2.501318522 -10.36217788
1.870904561 -0.6659491942 12.06567668 R
1.26957881 -10.46896313 -2.635010925
-0.4261154534 10.32838249 -4.873637818
-2.386453614 -14.52011149 5.256412395 R
6.315988047 -11.22185989 7.171418445 R
6.083646784 12.3807698 10.00716072 R
-4.826764334 -1.312896664 11.24225247
4.536704638 4.363248557 7.520890354
-6.587891716 1.225990253 -12.37558162 R
0.78112188 -2.385782377 -6.386761073
9.202834918 -5.861998533 10.18585961
13.55645013 -5.83500026 -8.983594634 R
-12.07807948 5.322766705 -13.01890046
5.843670936 10.68239912 -3.037544459 R
12.18344029 6.797457672 13.3651614 R
11.56524034 14.4604373 -12.95987368 R
-2.577819926 1.037457216 10.4707342
-12.46853954 11.49177005 -6.617768682 R
4.322837446 -3.492023045 -11.92543209
0.4385724418 12.94547132 8.43549849 R
10.96845699 12.19802841 10.93606027 R
-13.75303065 2.73598396 5.678427928
-11.11428261 11.4506733 -14.19856183 R
12.39526207 0.6340657422 -1.51317567 R
-2.87886374 0.858243475 -0.3072816621
-11.49563806 7.303464925 1.416079631
-0.4740165147 -6.393399864 -1.541781377
10.75979108 2.900780486 -14.43991071 R
6.201010155 5.585359434 5.848046537
11.75806624 8.421069326 -14.55465136 R
-1.275412991 -5.876876575 -12.02404112 R
14.86287432 -10.20244085 -7.535520369 R
11.28224264 7.648771147 2.783111565
0.3244661636 13.44591516 -4.041658036 R
-11.11993985 4.296341623 -6.321282348
1.333881745 -5.011666074 11.93709961
-1.224938544 5.997444694 5.074396784
-13.71699244 1.8634458 -4.344237952 R
-3.784502328 -7.22226919 -3.445806356
12.50334974 12.12261783 8.85630158 R
-11.00035083 -9.893010152 -5.146478812 R
-13.59226708 7.865745037 -4.711582813 R
10.45748554 11.33458648 1.215509745 R
6.135896926 5.641506728 -0.2298997746 R
-7.37190142 -4.275028596 -10.24190362 R
5.837421838 2.462318201 4.370563702 R
-8.040053652 13.57953797 -4.803998268 R
7.262670659 13.7250495 10.38336777 R
-13.60855887 0.5613103111 -0.8078852705 R
-7.578671775 -3.014928951 -11.7377827 R
-14.88726529 -11.8345737 2.369304363 R
0.7414787725 13.81108679 0.352963404 R
-9.171299155 14.35076798 -5.882814281 R
12.09416679 -4.076128868 4.965546532
10.59750156 3.711858151 10.93891742
-4.500340719 -3.038513107 -6.318347277 R
5.86547182 -9.870113662 -10.14074782
11.52968858 -5.650079132 -13.11776805
2.404439818 12.66288698 -6.61133945 R
-10.45519421 2.569111654 -7.318380836
12.39941882 -7.956941833 -9.044709427 R
13.78058253 0.2408207627 3.869157065 R
14.72215929 -1.845239814 8.454205601 R
13.97939871 5.753884613 5.429564973 R
12.28286754 4.522782519 -8.719699667 R
6.56677805 2.859510634 -12.72448803 R
-6.788914349 14.09075857 -2.361686198 R
-13.82245915 2.781570748 -11.68372379 R
-12.68969591 1.012836239 5.201883674
-12.14062762 5.95205345 -14.09422775
13.78595983 -5.224039908 -0.8416109305 R
13.6886934 -11.99888154 3.972219094 R
11.2368052 9.511127532 9.092046362 R
-12.08995929 -3.947378471 -0.8434515996
5.296529328 -5.789782918 10.77657515
4.982702582 -0.2473619866 4.176550603 R
4.062170144 11.82059174 -4.121599677 R
11.0536867 14.33149586 -4.18479965 R
-5.362057592 -0.6501227274 6.252193714 R
5.570887283 5.324701372 11.34536123 R
-3.159808899 6.495768445 8.913609307
-9.957563652 -13.82676045 4.144380862 R
-8.219841775 -3.39943636 6.499147717
11.07592079 8.728839131 6.751678541 R
6.979915124 0.3808344682 11.62996336
10.32116942 -2.830031018 13.53611237 R
-4.107751989 -13.78339542 0.3900935357
-0.04803390663 3.56515555 7.805113085 R
-11.26328475 -1.828981744 5.153179801
-6.878041022 -11.65395122 12.3854728 R
-8.176991196 -11.17228399 2.714727443 R
-13.83355899 12.79972963 -5.513716912 R
-8.041493477 -13.75866311 -4.787016555 R
4.334810892 -11.97634729 12.76281746 R
12.11071579 9.68975838 -3.585415473 R
-1.509259917 -13.45217478 6.406140075 R
-2.071133528 3.018110828 -8.703462499
3.846762072 -6.707949697 -11.11561187
1.05628057 -11.40789227 8.768371845 R
-10.9662529 11.59451727 7.095301247 R
-8.366906161 -13.39874196 14.02309709 R
2.213185227 1.186449626 -2.582990979
11.92116732 -10.62296281 -9.23985563 R
3.668197599 9.200560882 6.892518425 R
7.892100704 10.94199264 -14.36249812 R
5.976592551 2.750319103 8.133796134 R
-7.196728754 -6.084070454 6.525704563
-9.512963006 6.671295656 -10.01912313
12.42581053 6.271022181 -12.54068163 R
-10.29067625 13.83803875 3.782305173
5.2227454 -0.2433247697 6.38979974
-10.4182693 9.293421681 -4.331274036 R
-6.860619625 2.120895732 -6.226906983
-5.666989735 0.6993797969 8.203119064
3.656447642 10.45498669 -10.99066064
7.439188494 8.477364515 8.421910847 R
0.2438335113 14.47598303 12.02799593 R
0.5686120263 -9.743998498 10.81772228
6.931762958 -5.934100982 -5.92831251
0.8274872684 -13.90728594 11.09161737 R
-4.085054429 -13.88254421 -6.262669249 R
-3.802684071 4.954749668 -7.131905172 R
8.91362427 -3.310721023 -7.395181559
12.8684333 -7.917664288 13.43288432 R
-6.712658725 2.425622025 -12.0896966 R
-12.53408641 -9.570832638 3.650899493
-10.09870478 0.3042051668 -11.0892715 R
-1.374122567 1.339725601 12.43999623 R
-4.791178413 -0.2810227338 -8.254774269
0.6194025938 -10.26367879 0.9283720108
3.817735494 4.879151346 -2.69763938 R
3.159401371 6.23789836 -1.96728145
-12.84107985 7.897200957 6.229521972 R
6.242514085 -14.10321933 -7.55065929 R
-10.34571846 9.432424073 -12.23925198
12.93318752 13.3190521 0.01031511152 R
2.377119855 10.94651956 7.166725394 R
-6.750711769 -2.279846092 10.22337393
0.905186321 11.36322225 7.525859475 R
5.111751517 -4.380099526 4.64205546 R
-13.73094339 -1.579935662 1.52814633
4.259204268 1.870732117 12.56095722 R
3.296101246 11.2324913 -9.632030787
-8.352695434 -13.09211114 -2.279007703 R
3.130776615 -9.175435696 -3.444033261
0.9050421698 -6.542327358 -9.061028198 R
12.75799824 -10.78527051 11.79623719 R
14.02576294 11.3239211 8.37465209 R
-4.692433239 -6.567988401 -0.9811838965 R
-7.526957855 -9.182241194 -0.5167094626 R
3.053927764 -13.7504317 3.758333161 R
11.57873896 2.712987803 5.048092046 R
-3.486823206 -2.001143716 12.91819949 R
4.132127992 -12.28694693 -9.229493682
4.711560089 11.90501588 13.05013758 R
10.39099416 4.856377115 7.524555825 R
-10.85047599 -12.60127632 -3.290036593
8.439327079 4.891140244 -4.292701951
-6.366156921 -6.067370914 12.91981109
6.335315395 4.541709328 -4.205141156
-7.342196031 12.90591786 6.690312524 R
6.254119446 -2.923749145 -1.943959906 R
-0.5814192428 -0.4624615107 -9.248890281
-0.5966926324 14.09869131 -4.630358988 R
-12.00147464 -6.52674649 -2.174213288
-10.98044963 12.02632437 12.52200365 R
9.770054242 2.717322641 -2.451781128
-13.94086806 0.8630742119 -8.685701493 R
-13.80425748 -5.47036092 -6.305890159 R
-11.43923147 0.5185429393 -8.772098072 R
12.47590838 -3.934741683 -2.583187375 R
-11.56198755 5.624672738 12.50616529 R
0.674243322 -12.68244592 -8.355528437 R
13.18655367 -12.7168911 7.627759982 R
12.59563925 -1.251145491 -10.20002082
12.10641955 -7.913022543 5.546159662 R
12.40807884 5.622766116 8.888792492 R
-5.798147658 -9.688736412 -13.95612688 R
11.63293054 3.219088303 -11.07737361 R
13.46586013 -5.973717712 -10.24378824
-3.530010907 -8.168896081 -11.37123746 R
-12.46629973 12.55840619 -2.024317104 R
-4.964500587 -3.882032726 -8.935147723 R
9.614951594 -0.07033024283 2.400633437
4.110551611 -10.94837824 7.620080779 R
0.4080644158 12.19672859 1.586306064 R
-11.65280395 4.383967142 11.91327154 R
8.941131656 -11.50451002 -1.841856408
5.353082221 5.187189904 6.460052435
8.543023781 10.74359454 -3.481231873
-3.266301771 8.380392029 -5.668933859 R
-13.62459755 4.324995162 -2.075178028 R
-10.47577894 -7.673186371 13.46939136 R
7.613546768 11.68645995 -12.50962675 R
-12.39456144 12.84021234 -4.026385672 R
-5.855700345 1.050425343 4.091424555
-2.603663093 -3.60520355 12.97888244 R
-8.215614335 -12.77896241 9.289445437 R
-5.92894854 10.02748103 -2.930207881
-9.076425775 -5.376853143 -5.864591608 R
-2.252199566 -13.70813729 8.4772735 R
7.410448309 -9.08345009 10.9113877
-3.7983168 -8.919026777 3.604142967 R
-2.208610917 10.00344608 11.5694221
10.96052487 13.72892037 -10.49620633
13.91711557 3.920124144 10.55704077 R
4.593102006 -13.71934243 -3.078341902 R
0.9462187723 -3.674453817 10.43873024
-6.352065358 0.1644734075 2.747763849
4.010013324 -10.70062133 -6.758735652
4.522259715 12.96266051 -3.828709488 R
-1.648399337 10.13191776 3.143069999
-14.32563936 3.51724679 11.97408443 R
0.1542839202 -2.063682539 -7.081504942
8.240921961 6.707868967 -11.24366587 R
0.4080086555 -11.75839221 -6.009722054
-11.68472231 -2.528040062 -8.213906504 R
-12.40171925 3.236539427 -11.7787576 R
13.1104127 -2.958715036 0.4918351305 R
7.926087649 -14.14320531 -10.95174003 R
8.140874524 -4.688942841 -11.93951216
4.295618241 1.86789122 3.973264439 R
6.353660504 -6.390125047 -4.345452572
5.592996554 10.97240592 7.760133584 R
2.734157102 7.708928179 -5.130858025
-0.506374325 -5.963694891 -11.89004224 R
8.853128222 -1.65022405 -3.775484305 R
11.13469892 -9.075853527 -12.46077518 R
11.13348206 -12.70579563 -7.122059259 R
-5.65613102 -5.534139372 2.269583649
2.727604749 -10.83662898 -12.02647771
5.525606204 6.578394796 2.023674646 R
7.778652886 6.460536969 -8.218130194
1.813195091 -5.964080654 -1.715477411
-3.649247196 9.285198844 13.58769397 R
13.40163749 11.20757543 -0.02588424794 R
-4.362170832 2.791479981 13.35886818 R
10.44060195 -9.020941487 13.24682567 R
13.12457521 -7.381499079 -6.055552838 R
4.764828754 12.01999264 -13.04434555 R
5.235625199 9.596760898 -6.589679438 R
6.616518482 -12.81519764 -10.07052866
8.496011268 12.360991 8.359823573 R
7.225346754 -12.1558643 9.513678223 R
-10.37547145 -12.99018928 10.77737343 R
-11.6623134 -9.834687412 -10.83711629 R
-2.384742249 0.7684314505 10.20171943
10.71271138 -13.05184764 9.157911981 R
-13.30739294 -7.389292781 -0.6232307496 R
-6.095894558 12.98960166 10.03339374
-0.7097181569 8.961914765 5.768242505 R
-11.33032667 -10.86629132 -5.969651383 R
12.84555449 -11.44795526 -11.93120377 R
-11.26461583 -0.9153907165 -12.36124643 R
-9.235218489 10.36962172 13.33232945
10.47228431 10.47022819 0.2546724468 R
0.5201195655 -6.136107899 -11.37384225 R
13.48248 -8.345619207 7.425259401
-9.47904104 -13.41189861 2.67895065 R
-7.639389077 9.5326463 7.624727543 R
10.75886517 -7.310475256 -1.356022498
-6.151195669 10.00802472 2.551261938
2.678187746 2.718356362 -4.355152374
-4.467696168 -14.08303176 2.338018587 R
-8.435814346 8.479322098 13.44101951 R
9.238786251 13.96290673 7.11820456 R
-4.632245423 -12.32614951 6.108356699 R
10.59228453 12.93568432 -2.349753704 R
-13.77701925 -3.779822041 -7.54453348 R
-4.789148554 10.58548651 8.071534638 R
-5.633957533 5.494408131 8.892132452
6.159572639 3.072687746 -2.960238456 R
11.08457348 -12.04313824 6.111901674
-0.4394976057 11.16618437 12.47393836
-10.69105895 -9.61024381 10.52333789 R
4.301007801 7.329564984 8.163365239 R
8.693553094 9.532577639 0.8873357418
4.996159468 13.46690901 1.032901123 R
-5.447476561 3.670397042 -3.264356645
-13.31206713 6.396065257 5.768918355
13.92642762 -2.901846619 9.532511651 R
-1.903831529 -2.570677498 -4.032032457 R
-12.49681938 -2.578910872 -5.909066737 R
-9.266625548 11.65391208 -11.73908845
-1.279539221 6.397012358 -4.241977775 R
-10.69856418 0.6272264042 1.461603537 R
5.703878567 9.05929223 1.371898776
1.321534494 8.591238969 -10.91133283
-7.15166579 13.856716 4.71865487 R
0.362197531 -4.926055811 10.14436134
-0.9677294896 -2.769724007 11.26927877 R
0.7683412976 -11.19177613 -11.11809876
-12.60377129 0.7066136297 13.3606669 R
2.012010285 7.253892902 -7.542293427
-13.66643023 -6.613304178 7.037214032
7.167566442 8.36341439 3.672195182 R
-1.628677103 -8.716318746 6.78428147 R
1.692945988 -9.265877614 6.975131819
13.12978169 -10.62739279 3.281242083 R
6.775860178 1.870856616 4.585118341 R
2.751045447 8.416880724 4.628489687
11.18695544 8.578474885 -5.630596243
-5.016652933 11.96400341 13.7019947 R
-8.331747566 -12.74318908 -9.888965515 R
-4.022872457 -2.604642608 -4.93221307 R
5.612407875 0.6372080832 -13.27499326
-12.43188928 13.97348828 -1.187083794 R
2.278862881 9.506939781 -12.90020605 R
6.614036452 -6.861279347 12.41686327
-7.863189848 -7.109896324 3.071079228
-7.066976685 5.562470057 12.66162148 R
4.950505335 -8.619065001 -12.83747632 R
6.720363383 8.684258723 10.12937023 R
-0.1303664389 -6.381421679 -4.132069087
-9.329850714 1.442425236 -9.813557406 R
4.962525482 10.59564223 -2.481344623 R
10.14013892 9.175660603 13.39775625 R
-3.835276169 5.137180749 -12.18729352 R
12.46057921 -9.299215538 -0.3303350942 R
-5.123922642 11.58924161 13.94671394 R
4.438220601 -1.301844385 2.316729838 R
11.92034346 -4.734584434 -11.20938447
11.87778327 -9.488747845 -3.030808715
11.54462362 3.13974083 12.80402353 R
-12.54400686 -4.447601566 4.733229804 R
-14.05537719 12.19176311 10.0059852 R
12.42025301 -0.04686091911 10.93584545 R
13.37626544 2.862515215 -6.536030371
-0.621752097 8.038513145 2.707972307 R
3.257762708 1.791527248 -8.633234498 R
8.007685084 -12.64023397 -11.79545365 R
-2.145274021 10.79250112 0.3259754433
-0.0715130593 -2.645160649 -2.619014321 R
9.772178757 6.14392953 -10.75869469
7.465016874 -1.709405858 -12.01826261
-11.43528111 3.506022264 -9.175013343 R
13.12880754 9.448495037 10.47556472 R
13.70771543 -9.034351563 -12.93908723 R
-2.683150751 -8.841732081 -9.597158213 R
3.873772355 -7.345235767 -7.130353051 R
9.623448365 -4.299572773 -7.655576544
13.87204338 -4.448691991 -7.585843851 R
11.52085734 -1.737195951 -3.967271915
12.57180434 3.950341181 8.372469954 R
-12.72462986 8.620041443 -10.58998001
8.874507544 4.656038809 1.705750925
11.58167314 1.90859182 0.684175552 R
1.473468465 12.43755805 -9.383092393 R
-7.287696043 11.11475119 -12.92658448
-6.932422444 13.12616302 12.01336358 R
3.999211672 0.02388371416 -9.959429069
5.818403566 -12.52755719 9.750889035 R
-9.349952826 -9.922532234 5.233924745
9.511519967 12.83733151 12.92641978 R
-11.63116026 2.002146293 11.2421552
5.700878424 -14.00778877 7.729154556 R
-4.229823518 1.583131683 2.986119842 R
-10.062933 -5.785361292 -4.984729543 R
-6.759660343 -2.67650739 -0.4290089229 R
-3.580151972 -1.621130941 -13.30658603 R
8.193222993 8.749948436 -3.628867653
9.219738261 1.993053221 1.655249128
-3.999317193 -2.982963713 5.65858519
10.03274079 13.93914253 3.119829011 R
11.30794859 -8.603868042 -12.59673382 R
-13.5765012 -9.818131202 -6.889323107 R
3.780278385 -1.108996868 8.854876995
-12.97972935 -12.90847179 6.927990025 R
-13.46871729 -10.65177025 9.669308259 R
-8.203097493 -4.004422815 -5.993114354 R
-13.29921892 -11.82393394 12.55562139
9.480759547 -10.56519821 12.90320652 R
-11.42869977 7.955632673 4.003974734 R
-6.526439595 -8.604533764 -11.63582322 R
-6.610419682 10.65323738 8.2497929 R
-4.647330903 -13.41520668 7.150942409 R
0.006221870524 3.323838802 -1.565603511 R
-13.38423785 -0.6904231524 -9.790819094 R
-3.478053285 -9.877631633 6.300487258 R
-9.624373373 -5.083767434 -2.623624119
5.610869241 0.2684635806 -10.15022597
11.42660201 7.987019907 -1.000577258
-1.783167862 6.509414628 6.130415041
9.832430183 -3.841507757 -5.747266486 R
9.326524803 -3.415913006 -13.23603364 R
-12.47131179 -6.402473694 -4.339398071 R
-7.329128979 -9.26159502 -0.3832631299 R
-5.617166924 8.634522447 4.493803587 R
-12.62705492 9.6529318 1.014926266 R
-6.299103893 -2.376915304 -9.618472049 R
12.15534747 -5.309842777 -6.1577192 R
13.44070512 3.393264499 8.534543049 R
1.847738396 11.75293284 -4.842944186 R
6.266224397 1.765351115 10.80494778 R
3.390702391 -3.666961717 4.708781293 R
-6.4399154 2.904056364 3.470623202 R
13.20879486 6.961607696 10.37498357 R
-13.46052356 11.47207728 -7.822519082 R
-3.861310733 -13.02575902 -11.76172216 R
-1.25348459 5.276459586 -8.283732492
-10.45627411 -7.10750358 -10.55117912 R
5.661925051 6.392748808 -4.538670587 R
7.959624108 -5.861630108 -9.207310367 R
13.02455667 -1.67001161 -4.704408759
2.267520136 1.371210857 6.651118531 R
-8.631570479 10.04140883 -3.218876415 R
13.35635082 -13.24733323 8.650767456 R
2.212854629 5.325317167 5.70627615 R
2.493395049 13.9830445 10.67274153 R
-8.628802269 2.885392018 -4.595123623
-13.72021161 2.469050337 -2.037033119 R
8.266625013 3.05304867 13.47902242 R
-7.366734801 -6.390207538 -2.589353226
-1.431537939 -13.20401699 8.129921256 R
3.81577651 7.496065491 1.702206134 R
7.591901219 -3.076190318 6.050477077 R
-11.57326567 -7.990076529 1.936955781 R
8.27038681 5.367373874 -6.897021834 R
-11.93595133 3.12354565 9.05208631 R
6.841089697 -8.379366697 1.271759464
1.048139714 -13.33764983 1.327601418 R
-3.223096906 -8.040657727 13.80872643 R
-8.931086692 -0.2661440423 -10.00801992 R
-3.540218765 -13.66881038 3.940778697 R
4.387326586 -12.36473558 6.92221443 R
13.24179156 -10.65575923 5.283433032 R
0.269743808 -0.668809487 9.565303627
-7.91469836 -7.350452072 -1.237714679 R
8.821771572 -12.61315553 10.69788845 R
5.191169726 -11.96732057 2.644090395 R
11.66121337 -2.222535143 12.51154738 R
-10.04655663 -7.901093438 -4.496517741 R
0.3331077376 -10.46616899 -0.7407848421
-1.205215416 9.8882994 5.547579791 R
5.431806486 -13.05909743 4.279449937 R
-9.323411985 -5.357776575 13.66955946 R
8.348198545 -1.807617318 -7.417470124
9.815918086 7.689746114 -0.8742103072
-8.555857486 8.252415606 -4.364614694 R
11.34613711 7.332524506 4.011093738 R
-7.869449303 -7.468713265 6.006939328
13.00344656 10.86362113 -2.830841845 R
-3.016269007 -12.83371652 -8.787359864
-0.4519001902 0.2125445145 12.6710148 R
2.453586783 0.5378052214 -2.017870389
-13.7017206 -2.997174251 5.253642613 R
-4.887326671 11.93941737 -10.29355625
-12.17127928 0.7095503322 -2.058766464 R
11.78544656 5.562094287 12.82093295 R
3.423556134 -9.158279806 5.036234285
-7.129580785 5.985253992 -1.74619563 R
-7.426801284 0.6305246864 7.455000922 R
6.173357773 -10.44365113 -6.297081042 R
-2.489943726 -6.406690334 7.265918306 R
-10.4950488 7.659803675 -1.876374355
2.726760352 -13.23284404 -6.584566578 R
-8.938856234 -12.13024606 6.03792681 R
-8.369883698 0.2287507673 12.78993844
-2.150726722 -1.669868483 -7.662986293 R
-6.270083703 8.333368917 13.05307014 R
-13.8241365 -6.336069027 -3.84765879 R
13.39392149 9.251880677 0.5260956622 R
-0.04945014343 -8.405749739 -12.6888263 R
-1.326153932 -4.469733669 -1.056512041
3.775122259 5.357108133 -7.734072005 R
-2.667129242 -6.280908085 4.023755778 R
3.77615519 -2.291598298 7.77475939
-0.6028646299 -8.700998617 -11.01942568 R
8.704286905 -8.544542508 -12.71764706 R
10.35251944 -5.777705773 -8.7857795 R
-0.5539383242 -9.653990859 -6.67472508 R
-7.392776285 6.498759463 1.013367342
4.308878868 -2.0395487 -1.100021665 R
-4.336157587 -7.616438921 8.823966531 R
11.5335539 -6.882405084 -7.134153338 R
-8.271628832 6.986845319 10.67772115
-3.080827177 -10.84099241 1.828403388 R
12.68283845 -11.68423116 -2.496692714 R
7.636625379 11.79340687 12.57238877 R
-7.407419654 2.965638967 11.58979776 R
-3.420919688 9.172923725 9.353411363
1.745996373 2.136010965 6.002248867 R
7.813366395 -9.465464438 -8.310766496 R
5.081973187 -6.80259859 -1.602450181
9.184605314 8.094169503 4.619076265 R
6.914042234 6.488814191 -1.081254026 R
-6.552817482 1.527453111 -7.493641379
-6.217112914 -8.342346148 -10.15998482 R
13.13558551 11.91472314 10.77088893 R
12.5978976 -2.606882904 11.37759713 R
3.460799376 1.101042436 10.60191522 R
1.993629015 -2.5729048 4.9116685
-11.14932801 11.49114074 4.198702927 R
1.136855994 -3.553536956 -1.836715136 R
4.066046745 4.614416467 -11.65387782
4.820598945 -4.641952746 12.74268028 R
-7.605540263 1.751170466 -7.308750625 R
-5.445773517 12.01941119 -5.375072709
-2.528224882 6.276361519 13.48047125 R
1.289232565 -3.22033414 -10.91946084
-5.843423121 -1.341594666 3.252077571 R
-11.27390617 -6.475653611 -5.794501228 R
-7.23429935 0.8498610153 -9.894804782 R
-5.180927265 10.83500531 12.57997945 R
-12.20722022 0.1572890351 -11.44124711 R
3.792655526 3.360230202 3.515794728
9.716400906 -13.26373607 9.456788127 R
-1.741635509 6.065812325 0.9097612056
-1.910137539 1.741053951 -5.62418287 R
1.293661137 13.0014903 0.2519785553 R
13.57164884 -1.155283288 8.21265643
13.05780358 -0.9818282377 -8.965568475 R
8.614325296 12.12361396 3.1047123 R
11.80587248 8.570811811 13.08811964 R
-10.25689138 -2.97264352 2.573697959
13.79663523 -10.90123957 11.40188264 R
1.005316726 -5.368931294 2.241201508 R
-12.63991169 9.961127516 -11.68636079 R
-8.002970911 -7.448016065 -8.481755157 R
-8.358417789 3.230582014 7.140719127 R
-7.552626471 -2.811228751 -7.478314917 R
6.045997266 5.96460282 -4.681993505 R
-3.329279609 3.560053953 12.2584288 R
3.159461677 -6.542474162 -4.455025434 R
7.379563223 -0.3750994293 -5.981098059
-2.153362846 -5.572539138 -0.6167364415
-10.43325223 -12.63852444 0.8330386012 R
-9.925775406 6.720261185 6.094077239
12.5807475 12.03419293 2.74397269 R
11.10461686 12.56776803 -12.76250902 R
-3.52067982 -0.04760569201 -4.251820738
9.077946015 12.71046999 -6.685997895
4.907664095 -3.303021861 13.3996677 R
-2.278015732 -10.55858483 7.527367993 R
-4.187141032 -11.90718931 0.9365110598
5.995915755 -7.190295552 -8.505659118 R
-12.99546039 -0.7505091662 -3.144866703 R
-13.35936969 4.863007877 -2.667161899 R
-6.079330228 -5.908753359 7.440751668
5.353269105 11.56774745 -7.283242054 R
-13.04928686 -4.971678042 0.5765151591 R
6.353655837 13.51806237 5.620512403 R
-12.74436232 2.436480616 -13.3894854 R
3.303247684 -5.224383328 -5.852493906
-2.326976534 -2.492181871 7.58686294 R
5.670964349 8.275917999 13.31243072 R
-0.93106791 -4.625418288 9.001205999 R
-0.5470463195 1.201796055 -13.5553233 R
-6.296127878 -0.4221567056 12.32020998
9.179072319 -6.825693505 -11.3199187 R
-10.95736521 -12.95322948 0.162724197 R
-0.1514322131 -8.509998627 6.10482825 R
1.568058639 -3.844283408 7.900345464
11.73034804 5.925417285 -6.777062301 R
13.3556693 -11.38010684 -5.182804739 R
2.939845186 -11.28251032 -0.8573378556 R
0.2857237175 -4.822460052 5.374503216 R
8.853765652 -0.665837957 3.029552429
-5.182063432 12.84324667 4.879547881
-6.387635286 3.090012464 -8.481221679
-13.49606174 3.181979267 -8.938432197 R
2.337626544 7.031438899 8.272107295 R
-10.29952234 -6.524927072 7.888443751
5.321812718 8.605824416 -8.636370638 R
8.418709267 7.712892369 0.6674956762 R
13.71365093 2.999400451 10.4053538 R
-4.527963832 5.695215555 13.00688708 R
-13.30382526 9.441040272 -7.066094827 R
13.21045439 -10.25002231 6.094182232 R
-8.450973026 5.752329725 -8.247366962 R
5.264232321 -12.48600814 -7.667077347 R
-2.010131608 10.5537686 12.69395159
8.672048043 4.555878613 8.739516661
-2.105574735 -3.245209988 -8.82776912 R
-2.793295953 -5.99679652 2.57682721 R
-2.761968466 1.394828034 -12.8195979
7.287810083 13.81959791 7.757860569 R
8.189270429 -3.902127965 -1.7487606 R
7.218249184 12.54067096 1.996119827 R
-12.52186926 7.307107976 6.635744106 R
-9.475310831 3.702615167 -2.067730622 R
3.15788261 13.14185643 -12.4578606 R
10.10767485 -9.554749093 -5.133915719 R
-8.494665175 -13.22453691 5.59369913 R
-2.838146881 4.181286377 6.023370951 R
7.949112551 -2.003465804 9.565033621 R
-7.944925369 9.327476409 0.1301560595 R
6.435513791 -4.738076497 -7.398199263 R
-6.070519341 4.549876678 4.264683055
5.322911851 12.14862921 -2.298845348 R
9.228322424 -6.76090374 -5.537774781 R
-12.87938989 -0.1321968594 -3.571449482 R
-9.974929739 13.55994479 -10.653844 R
-0.3130124387 -8.052374973 2.058004335 R
-11.15671557 6.63434648 1.590557893
5.314868404 -3.600334595 3.416702503 R
4.880300058 -4.112646033 7.863451467
4.705057701 -0.5178769943 -5.604908736
-8.592915844 2.642248533 -13.60919112 R
-12.31404835 6.108248216 -12.99183362
-13.34838534 4.932266663 -0.1807646312 R
-3.329268774 13.73741359 0.5117769348 R
10.10451329 12.73258462 4.709111173 R
-13.67431957 -4.434036305 -7.337720081 R
-2.205684022 -5.371526668 -7.821498036 R
-4.104031686 0.6741909394 13.34880696 R
-13.49226321 -3.453022597 12.15574115 R
-8.796630476 -8.693467707 13.48748358 R
8.672322519 -8.887882692 2.743171364
-7.057888885 -4.378305341 -0.5185278344
12.91602631 -12.85337944 -0.6829102642 R
-13.34940326 -8.848814924 -5.520931172 R
-7.108756739 -5.000301176 10.41853846
5.574536911 -4.027962928 2.470283415 R
9.855617689 -9.151867739 12.95897049 R
0.7640244748 13.67583922 9.810871083 R
9.170646067 -10.11386965 -2.785066666
-10.31748705 6.454765696 2.979465782 R
12.44965985 -1.858438415 4.17292435
-8.362139419 12.1603416 1.121155301 R
-8.257355766 -13.16356758 3.891472629 R
-6.262033862 1.343757246 12.17224636 R
-10.8809455 13.06418244 0.3918025656 R
13.44192036 -6.570677985 11.64296637 R
-7.731326245 4.510309218 11.60850301 R
5.030016595 -3.88096869 -9.282263377
6.37906074 -2.630487769 12.87963804 R
3.614759936 -2.730071708 -5.135710168 R
0.7114167735 0.8270886643 3.440968311
-10.1442426 -3.077400118 4.428325874
8.684815143 -13.4574079 -6.713947482 R
-10.41489386 -8.021609072 -12.94040971 R
13.64608353 9.922538144 -1.564045278 R
13.01225373 9.192169377 -11.14833835
11.52171173 9.496282766 -12.12626183 R
-8.079026408 12.69734954 6.531038076 R
13.17705254 8.890434481 8.623389685 R
10.58811356 -12.17340396 -2.989740116 R
12.88757206 -8.463948571 -1.912415268
-3.585512111 -4.631053344 7.353552638
8.17755334 -8.839958765 -0.3616580038 R
-9.048560523 -3.517938088 -2.369352623 R
5.601639685 -0.4360442759 -1.111316887
-8.921835385 7.826415077 -7.917966261 R
13.6517861 11.94348563 -7.409940361 R
-7.714367939 -2.977848412 0.2960185213 R
-12.17503094 -1.000341549 8.194799696 R
10.90653583 -11.02648775 -13.16740253 R
8.857697758 0.5781946114 -5.33639842
5.046565163 13.39314491 8.338884311 R
10.43991209 6.008984194 -7.41081006 R
1.881310226 -5.643615756 -11.73213779
9.819362931 -6.829673545 13.58892709 R
11.12908719 6.726155992 -4.350120953 R
-13.20623996 2.725162387 -13.30468449 R
-8.20700626 -11.18224834 4.597204084 R
-0.7606476832 -11.35752979 2.853789751 R
11.61507729 -13.66640864 -3.526961266 R
-7.881722952 -6.553455357 -8.203701209 R
-10.36455975 10.59557299 5.005595044 R
-10.0979387 0.6340106759 -4.822115962 R
10.25579776 2.542827596 -6.180093226
-12.6887836 10.25121221 -12.41765873 R
-10.85492684 5.125437302 -5.52014553
-13.17702478 10.7742305 11.9289012 R
-3.780104686 -1.496579162 8.56640631
-10.39114419 -1.563971294 12.66247108 R
-2.736412924 -2.247968031 -1.806694773 R
10.84171363 10.19181174 4.616355327 R
-0.1636357592 5.934996937 12.10463582
4.211620424 -9.660981466 -11.79758939 R
7.169209242 4.638693782 -7.495377427 R
-13.23507596 12.726125 -3.112531474 R
7.040162309 7.048801783 12.53356835 R
7.988895982 2.537600532 -12.78837821 R
7.257246078 5.177376593 10.61234682 R
7.183695058 -7.662871571 11.25909599
5.314126569 9.234403332 -12.76376979 R
1.006042086 6.99463157 6.032833968 R
2.248675427 -1.299857306 -7.490483135 R
10.83139715 -11.33847695 -11.25350656 R
-12.08817862 -1.495820319 -13.13388191 R
-8.007298665 9.623648865 -8.84032341 R
1.443210407 -2.479539649 -13.2972946 R
2.57913471 -0.9273275344 0.3882042229
11.71071356 0.533358844 7.438317989
9.123430845 11.23210808 13.23079495 R
13.73071429 8.467144622 -6.068711935 R
-11.74304718 2.271443928 0.7491576262 R
-0.3215247194 -7.840750344 9.43845748 R
2.656489805 3.800773302 0.3274786176 R
9.5333668 3.162150569 13.12789575
-4.793506422 -8.064942729 1.848528951
-3.618891873 12.24979721 -11.19551907
10.13241683 3.706095102 -7.46356061 R
-9.978079925 -1.32915865 11.13880103
-3.623442459 6.423479424 11.15861707
-2.759857896 -12.8184214 -12.85692305 R
6.813657471 -4.680166777 5.236461401 R
-6.152932673 10.05050633 0.5914170372 R
5.726736397 1.621601697 9.253492095
4.508724177 -7.740949965 -4.153708584 R
8.37922043 -5.922053424 -13.39983375 R
-8.958390076 -8.007403842 9.843299905
-7.622722392 5.669148338 10.29722814
0.5623009557 -5.950495336 8.023503018 R
-9.796216601 -13.58740707 1.833364363 R
-3.457488466 -7.999348987 -7.762752222 R
8.422579729 -12.07306143 -7.227927325 R
-12.48992102 -10.16871483 -8.582854405 R
6.758466596 -11.31805474 0.7260532363 R
13.51526667 3.262021467 10.22111137 R
-1.927462972 3.64575388 12.59615495 R
6.269975054 -1.17906454 -8.041529597 R
-1.692181932 -13.5071614 -3.57386557 R
-1.511607284 -6.265244965 -1.05564909
12.4428714 -7.099201062 4.053532189 R
-13.07160915 -8.407838286 -7.065963914 R
-11.39195428 12.79110587 3.586286708
13.47747687 -2.870679923 -2.364429745 R
-1.909215687 -13.23888742 -5.52184357 R
0.9413835904 6.344199858 12.37130651 R
10.9035607 -10.53582421 5.975935301
2.987330296 8.565040038 13.42228502 R
-3.389184573 -9.89134229 -6.256457223 R
-9.077253705 8.43690763 9.425934401 R
-1.772881388 13.4019206 -11.89799051 R
-11.04674869 -12.17260134 5.46556316
13.47333941 -9.090793997 11.19427625 R
10.1804187 10.87972796 -5.234098199
-4.597267316 -0.3774836923 -3.458436617 R
2.920109012 6.967397031 -10.3263134
-4.707913782 -5.601533373 -10.24330766 R
-3.917372625 3.840344959 1.301463661
-12.75387243 0.8913218645 9.542727838 R
-4.164182442 1.46790373 6.946439796
7.474924057 3.594545589 5.483571389
3.968473516 6.367290163 -2.337048948 R
2.730550521 -9.811335009 9.628275085 R
10.26010522 12.06737176 -9.611427924
-13.06417735 -8.981698928 -10.81603205 R
10.2589673 5.328037694 -10.1679014 R
1.132143226 -1.343559165 -10.77589286
0.4483900824 7.661965506 0.09728367969 R
6.841770317 -8.889310343 2.252112512
12.72561621 6.375679134 2.483512817 R
3.493334775 11.96062896 10.27601732 R
-12.98357333 2.325559338 -10.74473862 R
-5.797922769 6.59563251 -13.10304283
-2.785064049 5.893577052 1.257605066 R
11.95453173 13.23154558 -4.769641903 R
7.446468396 -6.796333975 -1.674034082 R
1.89049259 -13.56393113 11.69974589 R
-7.018098671 -4.763468178 -8.08984813 R
-1.262045443 1.892838148 1.823272573 R
-2.168994764 -10.10802672 -7.759819767 R
6.995629885 8.89412109 6.735531288 R
6.876076386 0.0985964037 3.436159516 R
-11.66484428 1.046532444 7.481424892 R
0.1399523431 11.75604868 -9.377889495 R
4.055385179 -5.654244631 -9.413499448
-2.524313897 -6.215599258 11.92787442 R
-8.353517417 -1.085693962 -3.472298095
-11.94365747 -12.64119856 -8.959344717 R
12.49321664 1.513486003 -12.94467858 R
1.993290402 -7.221148536 3.379701794 R
3.675465145 11.38588507 6.632105024 R
11.94970766 -8.605869326 13.29175749 R
-7.520428846 -10.10608961 1.017152833
12.13869564 7.063337629 -4.28337171 R
-0.6406256441 4.413233073 -5.056417064 R
9.612591868 -4.476339297 -3.124196326 R
11.81120376 2.324734535 3.291179234 R
9.131137678 -2.971972541 10.57600175 R
9.83351471 -5.214794106 6.40446799 R
6.73492329 -8.039750935 -12.27954201
10.15766183 -6.323327217 -5.275424719 R
7.593804679 0.7329490851 -1.156999316 R
-10.35381844 -8.9282419 -5.689335951 R
-8.353384457 -11.03837145 -10.27473523 R
11.05034189 -6.116054374 10.14956612
4.501175935 2.897297739 -12.56145982 R
-4.316417619 0.4965681101 8.165303101
-5.888365669 -13.09586982 9.830227678 R
4.839664423 8.003069315 -9.043065251 R
2.643151795 -13.08992213 5.960196353 R
-7.313907117 -8.489541032 0.326132367 R
-11.17026344 6.577059718 -10.75460291
-6.070232589 -9.286001224 -5.105556867 R
-12.73490692 -4.122927494 9.761504693 R
4.633565922 2.114922164 8.571731082 R
12.83241735 -7.938729734 4.33087628 R
1.716627548 -11.74080934 5.017409577 R
-11.95562049 -2.067251312 -3.866447449 R
-9.455757694 2.258303758 -13.48262373 R
-10.74142683 3.851894019 -4.274851386 R
6.372514845 0.4646123986 -13.34358134
-0.2126954346 -4.777671065 2.845232141 R
12.65262721 5.595499102 2.504623641 R
2.113945342 -5.490912201 7.743859542
-5.483963258 -9.931390525 -8.308116055 R
10.04647416 -8.741273828 -3.475241927
6.841101769 -13.32863098 -8.550421359 R
5.00404904 -4.095135417 -13.40403515 R
3.130160698 -7.712553601 -12.84658517
-2.171179003 -5.511079539 9.227576602 R
6.273854108 0.07062676398 10.87945268
-5.978410971 12.41816937 4.032841762
-4.523913166 -1.086895743 -5.557481926 R
-0.5076547567 -3.528471164 -1.813637802 R
-0.5662910883 1.987196941 3.427989503 R
-8.772681072 6.333189593 8.810079575 R
11.55983644 -9.062503416 -5.953511596 R
13.28600374 -8.61740608 5.784766935 R
11.20281988 -7.26544176 0.8588792667 R
-3.220587012 5.537065992 -12.10699043 R
-11.03560184 -1.327801941 5.258711111
4.146539448 -3.656929991 -1.306233428
-11.03756488 5.059387849 -0.6276332804
-3.831557635 0.3384074978 2.903960776 R
-12.65977027 8.117569019 -0.8378348403 R
11.45242321 0.3286216459 13.46157222 R
-9.052574069 -3.877710484 0.6197129605 R
10.56930747 5.641125171 -2.709658245 R
-8.176648436 10.73483098 9.575875035 R
4.068065174 -7.804989152 12.47205937 R
-11.80673183 4.843815631 -8.778705101 R
-8.319538422 -1.357753454 10.20284885
3.629517574 4.2914959 -6.113982734 R
1.199910789 3.947983054 12.06551133 R
-0.8533778903 2.978323095 13.17553452 R
-7.09669926 -2.279347446 12.28610143
-13.36013254 -7.399797346 -7.582463505 R
12.34557184 5.909530935 -1.353403797 R
13.07117558 5.219433368 10.08363502 R
-4.219627826 4.020953877 -11.1797063 R
6.681541406 -5.572158014 6.428800481
-11.33890418 6.570871813 13.01619943 R
-0.8812139414 1.555078651 12.981784 R
-0.2975771828 -0.7137444964 5.76472862 R
-10.9149155 2.273015309 3.236693236 R
12.88042867 4.361994617 -12.21274949 R
-2.888505493 -8.636839226 -4.462578609 R
-11.23214513 0.146458388 9.167966887 R
-1.584478569 8.068777103 3.405133448 R
6.704358891 -5.424742367 -11.87909493 R
-11.9020799 -1.81868872 3.257049623 R
8.223900433 -9.186480587 -8.476433765 R
2.027639415 -3.859557866 1.076794348 R
7.114463418 -9.797046561 -4.081511395 R
-13.49157665 2.962665618 -6.322205745
-9.061840468 -0.4048775474 -6.782296266 R
-5.780280273 -7.585837749 -1.13733579 R
-13.57868412 5.589613724 -5.035140316 R
0.9713015554 -12.9643465 -0.009770345372 R
-4.419785241 5.468913472 13.20208435 R
-12.43070221 9.550183418 4.203788401 R
8.58443165 7.183118456 6.222305488 R
-6.820021869 -5.900351702 -12.0725484 R
3.316309516 10.14548772 -13.62694098 R
-11.01246726 -12.58200275 3.23514906
5.812919944 9.037337967 5.79166436 R
-8.680290832 12.80139874 -10.64368445
3.586984697 -4.431748757 0.8290458199
12.28093625 8.495244335 1.101771169
1.274411803 10.63622118 -13.28274824 R
-4.749960171 8.749462169 -8.061365365 R
11.64688228 8.427429388 -3.257878256 R
-8.842687281 12.73441875 -0.847994739 R
-3.351991972 -3.581624275 1.030536081
-1.678359824 3.262043179 -12.50273969 R
6.509298609 6.466298744 -7.45886245 R
13.17777409 9.919077206 5.674418863 R
10.58472794 13.47997749 -0.9805457936 R
-8.58010968 -12.81725466 0.04080117598 R
10.73629049 13.29950417 -8.576872595 R
-10.05863082 -12.56887106 12.93183113 R
2.676366051 -6.626405789 1.380880599 R
-5.550633622 13.57460174 7.933754305 R
9.302116474 -6.501325193 7.988895439 R
12.13739377 13.52709328 -6.44765718 R
-8.58998213 3.67876363 -11.22978725 R
8.474965563 12.22379421 3.150759183 R
-8.495333527 -4.517271537 7.709027032
-3.969076831 11.47054994 -12.07047832 R
5.898799211 -0.6220749608 1.428103635 R
1.674450237 10.17256779 -0.0355225916 R
13.43012483 3.931691867 -5.249392692 R
-11.76123084 8.758889333 2.93099812 R
-0.3955445335 -4.063809662 3.243222675 R
-1.692823361 -9.672196338 4.653578328 R
8.281477482 7.598001541 3.470064064 R
-9.646859803 -13.50513965 3.155309592 R
2.646986057 13.04349514 0.1880546999 R
-5.11025911 5.337986438 6.628283496 R
3.825628496 5.806203282 -8.352275158 R
-3.043425355 3.776053473 -3.650950174 R
3.74978053 8.980133079 -2.080744724
-8.813401649 6.514250349 -3.685997678 R
-4.149256847 -13.36112313 2.338338346 R
6.591481183 8.539614596 13.50136896 R
9.367199798 4.592620501 6.923139675 R
6.964835839 -4.286890128 -2.305029163 R
5.575782709 -12.04247601 -8.370401972 R
3.099718945 0.7842033632 -12.86801687 R
-4.78740463 -2.595607536 1.429091577 R
12.77464989 5.729340558 -8.546958323 R
-0.4404637375 -3.924450323 -13.16317664 R
7.2375591 -10.57751938 4.033463375
-7.963427816 -9.760607509 -13.16501969 R
-5.577861607 -0.7565208856 6.832126784 R
11.66722441 -12.72090623 4.770125129 R
-7.415049538 11.48984342 12.79875488 R
-10.49108784 -2.971100384 13.08046995
13.0956022 9.096810752 -12.80309041 R
-10.16907891 -9.940410244 5.457997444
11.8644531 -13.03789283 3.753144633 R
-7.706441292 -13.30232202 1.09683407 R
10.00753215 -11.36429081 -1.33689799
7.479668927 -13.2569098 -2.55762065 R
-4.895253124 -5.009180911 4.682838547
5.19553783 -13.0862714 5.221304848 R
-9.672851746 8.078758372 5.709328988
10.85980995 -0.579627881 13.53071825 R
-6.006955481 7.606238049 11.22656795
-13.27355478 10.68789638 -0.0466720327 R
-10.11960563 11.67447431 7.750041565 R
-0.6188284081 -9.374090567 1.3250889 R
0.3018764113 -0.997168868 -3.794565148
2.553637046 11.59030543 13.3859895 R
12.32545611 -6.653029533 4.138399633 R
-10.85671217 9.622581401 -10.91593485 R
2.446263799 1.570493143 6.518518201 R
-9.076508206 -13.48548347 3.929968234 R
-8.814845582 8.796654326 1.671880966 R
3.710124364 10.38688624 -7.696432982 R
4.089143881 -0.6165317953 -3.153968192 R
10.62662939 -7.050830589 -10.81310298 R
-8.365176629 7.718895034 0.4622070488 R
-8.732708315 10.49216668 -7.024790579 R
-13.10794823 -3.360119305 -1.958167544 R
7.317695702 -13.30265307 9.880011144 R
-9.916297294 -7.814571787 13.29095194 R
-11.1369627 -11.27495571 9.587412331 R
6.341625162 -2.387917162 3.539488507 R
4.297699908 -8.357796601 9.188724983 R
-10.20183968 -7.154276153 0.3826395834 R
-8.163423117 -1.325994431 -7.178921943 R
-4.420779205 6.615598189 -10.60371584 R
-11.19111407 12.819652 8.639127707 R
-3.435908653 -2.421335249 3.269761701 R
-8.629078117 0.5760440426 -7.689666367 R
-12.28818378 9.522292591 9.868906783 R
-9.289544504 13.28513292 -2.355131629 R
-9.858312806 11.22570829 2.457968129
12.45862996 10.58249328 7.482390284 R
1.610082648 -4.003161793 -11.18325497
-10.70934687 -0.9411928076 13.00968664 R
3.591614357 1.198121123 -5.220777193
-1.230030914 7.357460102 2.34424045 R
-8.019932719 6.239291967 10.32200575
2.722548838 12.75537852 6.741876313 R
13.36682326 6.334346876 -4.350661739 R
8.087349472 -11.67259926 -0.964085589 R
-11.26341638 -12.2843703 9.628712534 R
-8.857062539 5.794360089 12.50404059 R
8.571763855 11.26075606 -11.60157496 R
-10.17757228 -12.92203058 -7.656290973 R
10.45211743 -2.273261142 4.698985966 R
10.82917569 -2.429293455 -7.792665926
-6.628586583 4.51136298 -5.130111795
-13.06403297 13.10187857 -6.703339947 R
13.40382773 -9.665419817 -10.32265208 R
-12.69382985 8.122870471 3.801526738 R
-11.77196006 -12.30549385 7.555460991 R
-4.681511234 -12.85897699 4.931705201 R
1.332896899 5.904725201 4.320753248
-8.079583817 5.586371761 -4.992634169 R
5.404543782 4.351097741 -4.531051691
10.34603349 6.086050909 -1.777172598 R
9.71891926 -2.392025807 -4.414188373
-12.97966407 -8.847576421 -3.944283665 R
13.30897191 8.541685884 0.8691395465
-5.184830806 -1.324199544 -6.338986274 R
-7.70717958 -0.6443935156 4.246436069 R
-5.494786919 10.85413956 12.046673 R
-6.90586037 10.25388267 -6.025562312 R
8.194236943 -9.181133956 -13.20581895 R
-2.714470335 12.84307129 10.95089699
12.60407843 -4.499020656 -11.62899714
-2.216750708 -1.312256998 -4.078093154
-5.941287343 11.00667652 -13.4329719 R
-7.173805381 -12.51987193 -7.19639515 R
-2.982374865 -2.094946844 -9.51387675 R
-0.002232836613 13.12821303 0.1773649282 R
-8.399706965 -13.52875206 -4.582991627 R
4.175103577 -0.8637741383 1.937837012 R
-5.186097946 12.20337034 12.92667228 R
-3.022940028 -8.986370256 0.4613798951 R
-7.923862355 -10.70773015 4.136820581 R
4.103921185 10.08717042 12.27170592 R
-3.548467053 -13.58280133 -8.444191614 R
-12.92075765 -5.711053333 0.3157743175 R
12.60351908 -3.736591059 -5.807419132 R
-11.58136241 1.613750859 3.954692394 R
-7.070730836 12.89069497 -2.726782071 R
2.58827788 -8.265973716 1.165014141 R
11.46639742 1.700513336 -4.623176762 R
7.457048774 6.753116574 9.685793802 R
-12.05001559 9.214240183 -6.104992234 R
11.23034455 -9.392060614 -3.54973304
-12.98886647 -0.5589812245 11.45279165
12.30727751 11.74449503 4.026920076 R
-7.32820573 8.833984455 6.531016773 R
4.037820981 -6.687354636 6.904944027
-8.332775137 2.765996753 -6.304604352
-4.875766042 3.015577385 12.56034825 R
-7.930391215 5.331456917 -12.75994142 R
-10.54886365 4.38717132 3.476241699 R
-12.65095323 -8.441835551 -2.167675072 R
-0.0538466302 6.042241967 -1.600890068 R
-3.257237861 -10.3130916 10.21628636 R
-11.73855923 -6.97946573 -6.986009107 R
5.770680152 12.62067864 -6.836179093 R
11.83463508 12.18308223 3.549056314 R
0.4471953714 3.993051918 -2.366627111 R
4.983487191 -2.812198636 5.145310564 R
-5.62176112 -10.85389359 -12.59153495 R
3.919576909 13.07415824 4.738809525 R
-10.61029128 11.49034034 -4.504121885 R
7.566809468 -11.88112911 -5.147349092 R
0.06875694186 2.713430613 11.72650969 R
10.73241355 12.04763045 11.53822808 R
4.086398266 7.596600352 -10.15598322 R
-5.132078644 13.2358385 8.596020242 R
-5.859667908 6.083991931 9.688696502 R
-12.91710554 -4.240069206 7.654649355 R
-10.210459 5.075146839 -2.738155436 R
-7.730314289 12.54035178 4.332678745 R
-9.747589152 13.43714918 1.192454143 R
2.796045526 -11.95666369 4.253714418 R
10.16565312 9.145807963 -12.18661169
1.228850718 13.05589618 -2.765647965 R
1.954984787 -0.7369497793 3.010016185
-10.10219315 -2.638068452 -11.06146942 R
-2.929572529 13.32062065 12.13748659 R
9.191855668 -8.18725379 -0.8882964061 R
-5.105852811 11.34122951 -13.39096151 R
-3.727782691 6.098682454 -9.48517468 R
-4.799395213 -9.358525282 6.039374537 R
-3.962459487 8.010773954 13.11419864 R
-1.45533008 -8.970773354 -10.52032541
-8.754449413 13.35267431 -6.375836012 R
6.72741974 8.728633722 -8.853133078 R
-13.17010468 -6.275242273 -12.75360519 R
6.619768254 5.665136843 -13.24369021 R
-13.4055169 0.9293373129 7.457678076 R
5.899858115 -6.16714904 -12.82320532 R
-9.980325905 12.94621117 9.471387298 R
13.1143524 -9.947547489 -3.53447315 R
9.74713664 10.22788341 3.267618272 R
-8.436604731 -4.357446961 -7.146041777 R
-1.924722018 7.817541119 -8.982461231
-9.594640505 -13.51526903 -5.754966085 R
11.31493425 13.32618744 -7.339516612 R
-5.412588627 9.955882266 1.460064921 R
-13.02552522 -1.118601178 3.177682999 R
11.90541881 4.567766869 9.470030904 R
-6.884593337 -12.32960099 -4.994087608 R
10.06366931 -3.759454658 -9.439411704 R
-8.390858815 1.654408266 -8.422290664
7.063013801 12.22581462 8.669123222 R
-10.51444477 2.499472312 -11.68200534 R
10.31997952 10.99873071 13.41453277 R
-11.89541501 2.845823256 9.119199485 R
1.213621917 7.857766921 -2.33428036 R
5.70332568 1.143043823 12.56135512 R
-11.05188034 -12.96165939 -5.283131109 R
-2.824272108 -8.667116047 3.904761826 R
10.33552977 -0.3777280751 -0.7283162739 R
-0.8030215785 -1.532489455 8.890548432 R
8.356547182 1.814380382 -2.588502962 R
9.988887083 -12.19265502 -11.69309577 R
-8.165355605 8.944401455 -12.73285999 R
10.65892002 1.368012271 -13.28432665 R
-12.72860377 -12.59620053 -11.47791735 R
4.132070031 -6.120865569 -7.517123395 R
-4.587111284 3.434551801 0.5088632262
-6.138723238 5.746062968 12.5743254 R
11.80006555 10.5285942 9.444988918 R
4.788593587 11.87412862 2.303270514 R
9.899764227 -4.71499773 -0.8168505144 R
-6.598791836 -2.435984983 -4.08372927 R
7.887562864 -12.73844857 12.89660831 R
7.184762329 -11.4222779 6.117042246 R
6.553194779 4.153099562 -8.239148782 R
-6.445078831 -8.066215361 -3.458871177 R
-10.25471535 -5.249307788 13.49717096 R
0.8711221943 7.067283723 9.10042895 R
3.163031537 -11.38465316 4.415466 R
9.101402098 -13.45895581 -3.726800999 R
-8.379887284 -2.525829319 -8.991667036 R
-2.447895011 -11.54643015 -2.665787989
2.537657452 -4.39164362 12.41124815
-4.291545583 -12.91995982 -8.097247175 R
-12.34517983 11.60785063 6.078579787
9.664175232 -1.013619433 6.194172918 R
1.787909829 9.350579349 -5.867974196 R
8.007687952 -1.698871373 7.195108145
-6.800496295 6.412844254 7.079178206 R
-9.731400629 -4.497378694 -4.767593688 R
-2.451211152 -5.973894281 -7.594282841 R
2.313883343 -1.84630216 12.03944712 R
-12.91818274 -7.706812928 5.144744222 R
-1.333334795 3.181548317 2.547541503
-13.16204618 -4.856137844 -5.606459687 R
-2.119217906 -7.392870802 2.591666272 R
-12.22987492 -9.315315593 6.416205352 R
-8.202823244 -5.100163167 9.117517594 R
0.07246212063 0.9585554466 -9.297049191
12.78039799 -0.1885992646 -5.6444632
-8.303117578 -1.429025658 -3.294106028
-10.75950336 -5.418495347 2.672227686 R
10.94732672 -10.78146321 5.565858338
-10.95790181 9.96144235 5.973202355
-1.981984817 10.88703957 -12.30609625 R
8.827200107 -6.952107095 5.620311107 R
5.205592395 -7.671065589 7.212273713 R
0.4272125196 11.10486417 4.880428548 R
11.00517034 -8.39577681 2.829339412 R
11.90671843 -2.034177344 6.293663326 R
-10.63860546 5.456183419 -7.807880534
-13.49616502 -0.3713917911 5.832790277 R
11.04271988 6.465840968 -11.85959354 R
-12.20542759 -5.913075153 11.36117649 R
13.12126904 -12.73568099 4.756044648 R
0.6559132477 -8.369202228 -11.94783627 R
-6.249890093 3.266329657 2.987855602 R
-10.05867219 -11.9604247 8.506140399 R
-2.032190494 7.405105756 -11.02117695
7.198043341 -4.681132813 9.013208937 R
-12.04388102 6.987307221 -9.356792985 R
1.227202829 6.303731665 -12.1098342
-12.45931085 -4.743075216 -12.12773097 R
-8.160915163 7.149703229 -3.86877504
5.405230026 2.52108847 11.36638094 R
-7.183304335 -12.2161216 -3.774103997 R
4.68939951 -7.855485115 4.050052126 R
-4.734452434 -9.275310163 11.53391364
-10.33293521 -12.87733444 8.520102882 R
3.150383334 7.056375219 -5.617621191
-2.413377366 5.455101327 4.121845465
-9.929868502 6.268927877 6.674975233
-10.49293221 8.396151324 -9.159020319
3.023129907 -9.817540861 -9.189467167 R
5.10527964 -10.15641483 -10.12726057
5.223826805 7.072096221 -5.822053571 R
6.52427084 -1.1260423 3.021879989 R
-13.47723758 -5.149422351 -3.274766981 R
12.09375399 -10.33969459 7.718468517 R
-12.88140275 5.364946793 -7.52063604 R
-10.09418281 12.94503112 -10.92085642 R
11.90764486 -2.254771049 -12.46935258 R
7.489823937 -4.429127696 -1.418922573 R
12.58329832 -9.83633755 -4.142906743 R
5.476970636 4.442931795 13.04544787 R
-10.54703434 -9.241001997 9.639862874 R
-5.872228479 -1.800521 -9.156969677 R
-4.712243236 4.506418457 -2.674220633
0.1932239777 -0.8043962455 1.708325161 R
-2.520168201 -6.346973928 8.910765071 R
6.328714757 -4.706511723 3.654309189 R
2.967986094 -6.140348165 10.10537251
-12.94157667 12.00485433 -4.940792863 R
10.18120122 -6.774656115 -13.34923603 R
-7.631050279 -7.941154857 5.259921666
-5.791410516 -9.702122724 4.657131273
-3.374961641 9.410411011 6.208030662 R
-4.510043671 -9.052068412 9.41090003
-4.232231789 8.344820552 -9.102162017 R
3.626795757 5.49171356 1.723636641 R
9.692306742 -11.02816155 -5.616801418 R
5.423334243 13.16573063 -8.838016393 R
-10.04808702 -10.64795725 9.225094822
4.446903171 8.080950574 -2.364431818 R
1.851871933 -6.604223257 7.563479261 R
-5.941933909 -6.178087725 4.949202132
8.767230201 6.99031195 10.12646207 R
8.52264095 -1.818261622 4.785412773 R
-3.078471713 1.955060449 -8.085359247 R
-4.325337554 -7.818769018 12.05674796 R
-0.020651994 -2.356842776 11.47739487 R
-5.722094212 -2.819848693 4.366711408
-2.652003879 -12.09420018 12.17969266 R
10.59248875 -1.543313537 -6.618298349 R
3.823777322 6.323667838 3.292164432 R
2.727057624 2.48832005 0.3525229275 R
-3.879207284 6.842064416 -2.660007687 R
-7.34136722 -6.279645255 -7.460902557 R
-6.060418453 10.52727178 11.85802464 R
9.585143598 5.782139036 3.040832831 R
4.231152808 3.185684359 -4.926290905 R
12.22494217 4.293093038 4.64822827 R
-10.92268986 13.27857583 -4.69590297 R
-0.9432176473 7.303131799 -3.619176285 R
12.14507868 -3.830151556 -0.8523481221 R
13.25159768 12.21583208 -10.16254352 R
8.50911475 3.804896743 2.690720078
-11.14476653 5.763931563 -4.239801806 R
7.670796545 -13.20399554 -3.721859685 R
-13.4334497 -10.88051048 -4.52174467 R
5.340030421 9.010767067 -3.497726961 R
-7.310234262 -8.064223097 -8.105531993 R
12.70853989 6.500051806 -2.884463539 R
6.771153834 2.118364012 2.772903383 R
9.405258701 7.742550792 11.97939688 R
9.262966113 4.389442241 -0.6119855108 R
-4.148659707 -0.9368548127 6.197644076 R
8.469912644 -13.42962827 -11.25590949 R
-3.846333561 8.067124866 -6.56977209 R
-1.824517429 0.09364159708 6.830690012 R
2.352846575 -2.23869606 8.071612614
-9.132898609 4.845441981 7.588127448 R
11.0279301 12.94719574 13.18197955 R
8.334890789 -12.96209502 12.63837383 R
2.323184359 11.39213078 2.24162186 R
2.560062813 8.924158347 0.5996531493 R
-5.055706081 -8.744363048 -6.841793953 R
-2.091302258 -11.18066667 -9.426685144
10.22277215 -6.670012913 -1.105872107
2.538247801 5.197801362 -1.017672706 R
6.158668352 6.515301281 -7.751004424 R
5.854842332 12.56657996 -1.020408632 R
12.89042336 -5.783713316 -4.579485977 R
7.165432152 -12.71530162 -7.567818496 R
-3.813957656 -0.0890148156 1.616895458 R
0.2841027084 12.71872279 -4.081709245 R
6.710961724 0.9138232764 6.283528182
-3.877895129 -9.499905822 -4.438467688 R
4.359159033 6.307401302 12.2674326 R
-1.376814344 0.07831044306 4.153121427 R
4.208370979 7.246978692 6.046412307 R
12.58247032 13.1429666 0.6365011264 R
-0.3456862923 9.945193549 12.34894339
8.583927237 12.54771585 6.067192351 R
-10.74347233 -4.404902132 -9.93053432 R
4.327003453 2.178090263 -12.98756856 R
-5.336032826 -11.78520476 -7.755845706 R
9.955786563 3.591956766 -0.2981646542
11.0507282 13.44524545 -6.586499303 R
-13.29785966 6.527356101 9.050868807 R
4.371860517 -6.495596316 -12.35568521
-8.425808862 6.381362298 -10.0377976 R
-7.025921136 -4.315558781 13.20890281 R
-13.34514479 10.21311611 7.171983927 R
-9.49611689 2.201141165 11.14974469 R
-1.372799691 -13.31495982 -7.755098891 R
-5.69163331 -3.499468481 -8.12077719 R
-7.051133431 8.776322715 -2.19399829 R
-12.164737 -11.73241529 -1.50474177
-9.947897955 13.20371238 -5.796269282 R
7.947151533 -1.825634179 -9.379287327 R
6.216122907 4.267981558 -12.30581011 R
4.654555799 6.493695661 2.996891659 R
-6.32635337 -6.845881382 1.064267939 R
9.062281023 7.374766841 12.89552382 R
-12.56287845 -12.63350569 7.647319084 R
1.418202989 -13.41683818 8.303471143 R
-12.82017393 -3.040654773 -12.04624914 R
-7.860103463 -1.700083812 0.4956801111 R
5.232155894 11.91908505 -13.04241323 R
-7.977359688 -7.620937301 8.481527748 R
7.518755067 6.230754822 3.259049562
-12.97089173 3.441216302 9.278594546 R
10.50357584 1.045947901 -9.404149183 R
-7.185133551 -6.536469276 -6.274343598 R
9.853679613 1.05035457 2.515130153 R
-5.456706799 -4.306980207 -6.479370028 R
-12.86948418 -9.341897594 -0.01343516992 R
-11.78261307 13.32986347 1.013998241 R
4.108962974 12.45995281 12.4297344 R
8.772969445 9.377121427 -10.54385777 R
3.39057099 -0.6365677561 9.464025889 R
-12.69456919 8.044679676 13.06192613 R
-0.3330182864 9.764329417 -4.683158886 R
-5.48142115 -12.9078434 -5.129837753 R
-12.21017959 -2.503550504 0.09098874264 R
-8.604020582 -8.528093287 -9.692742357 R
